1.897521615028381348e-01 7.395269200152980449e-02 -1.555922223530337156e-02 -4.944549407809972763e-03 -7.001966238021850586e-01 -7.154861930757761002e-03 7.138970494270324707e-01
1.898210644721984863e-01 7.391486714338639519e-02 -1.560005109249357202e-02 -3.616901580244302750e-03 -6.994464993476867676e-01 -7.146941497921943665e-03 7.146400213241577148e-01
1.897988021373748779e-01 7.386485062674556790e-02 -1.553169974990997737e-02 -4.523562267422676086e-03 -7.003256678581237793e-01 -5.876536015421152115e-03 7.137849330902099609e-01
1.898077279329299927e-01 7.373486726597548724e-02 -1.557732528726496479e-02 -4.447092767804861069e-03 -7.000008821487426758e-01 -6.495067849755287170e-03 7.140986323356628418e-01
1.898100525140762329e-01 7.376668374037813336e-02 -1.558490595473560614e-02 -4.590010270476341248e-03 -7.009033560752868652e-01 -5.998002365231513977e-03 7.132163643836975098e-01
1.898017525672912598e-01 7.389839383659106697e-02 -1.561841098550587059e-02 -2.998252166435122490e-03 -7.000704407691955566e-01 -6.134246475994586945e-03 7.140411138534545898e-01
1.897696852684020996e-01 7.381234012951103096e-02 -1.568515186528451899e-02 -3.821028396487236023e-03 -6.992841362953186035e-01 -5.458533298224210739e-03 7.148129343986511230e-01
1.898533701896667480e-01 7.392940103029525811e-02 -1.555701517624380470e-02 -2.737576607614755630e-03 -6.991854906082153320e-01 -3.885703859850764275e-03 7.149248123168945312e-01
1.899116933345794678e-01 7.401054043480730094e-02 -1.557156795986658349e-02 -1.531121786683797836e-03 -7.004092335700988770e-01 -6.762322038412094116e-03 7.137078642845153809e-01
1.899779886007308960e-01 7.402257494206125610e-02 -1.553387480025003597e-02 -2.648081397637724876e-03 -7.010633945465087891e-01 -7.153492420911788940e-03 7.130579948425292969e-01
1.898607760667800903e-01 7.411034477928550579e-02 -1.549269307585043887e-02 -1.194528187625110149e-03 -7.021258473396301270e-01 -8.124123327434062958e-03 7.120056152343750000e-01
1.898178011178970337e-01 7.394656136761916521e-02 -1.566389846115490148e-02 -2.656153403222560883e-03 -7.004009485244750977e-01 -8.011859841644763947e-03 7.136996984481811523e-01
1.898562461137771606e-01 7.390967112552175589e-02 -1.566773950750011135e-02 -2.890523988753557205e-03 -6.994106173515319824e-01 -7.822431623935699463e-03 7.146714329719543457e-01
1.898753643035888672e-01 7.385904875709296824e-02 -1.565499001029402315e-02 -2.928214613348245621e-03 -6.999720931053161621e-01 -7.604982703924179077e-03 7.141236662864685059e-01
1.898541599512100220e-01 7.384164854719603432e-02 -1.564251933603044709e-02 -3.373849671334028244e-03 -7.006384134292602539e-01 -8.069990202784538269e-03 7.134632468223571777e-01
1.898062676191329956e-01 7.386753203189004580e-02 -1.574251688976752162e-02 -3.000710625201463699e-03 -7.012436985969543457e-01 -7.008269429206848145e-03 7.128807306289672852e-01
1.897883564233779907e-01 7.384460221928017265e-02 -1.564359374919488399e-02 -2.346651162952184677e-03 -7.007770538330078125e-01 -7.760552223771810532e-03 7.133343815803527832e-01
1.898347139358520508e-01 7.371043690001947979e-02 -1.568790345822357324e-02 -2.639354672282934189e-03 -7.014241814613342285e-01 -7.146834395825862885e-03 7.127035260200500488e-01
1.898941099643707275e-01 7.385424320704196688e-02 -1.556493598456554217e-02 -3.150466131046414375e-03 -7.016116976737976074e-01 -8.048406802117824554e-03 7.125071883201599121e-01
1.899795383214950562e-01 7.387848788386001952e-02 -1.563072932911624413e-02 -2.631313400343060493e-03 -7.000299692153930664e-01 -9.406333789229393005e-03 7.140466570854187012e-01
1.898650527000427246e-01 7.396886527478534201e-02 -1.554380714448905243e-02 -2.515223575755953789e-03 -6.998013257980346680e-01 -8.603995665907859802e-03 7.142814993858337402e-01
1.899186223745346069e-01 7.395469794556235044e-02 -1.561676735703970698e-02 -2.563208807259798050e-03 -7.004092335700988770e-01 -8.276358246803283691e-03 7.136889100074768066e-01
1.899375617504119873e-01 7.394050092150321329e-02 -1.559776536140039527e-02 -3.076269058510661125e-03 -7.008779048919677734e-01 -8.560100570321083069e-03 7.132233977317810059e-01
1.899497509002685547e-01 7.392427558587248704e-02 -1.555160878781874922e-02 -3.423359477892518044e-03 -7.027921676635742188e-01 -8.376171812415122986e-03 7.113376259803771973e-01
1.898953467607498169e-01 7.392079319144499727e-02 -1.560966566342048001e-02 -2.265005838125944138e-03 -7.007946372032165527e-01 -8.965728804469108582e-03 7.133033275604248047e-01
1.898696422576904297e-01 7.392568628341571191e-02 -1.561008216242182334e-02 -3.079762216657400131e-03 -7.011722922325134277e-01 -8.323921822011470795e-03 7.129366993904113770e-01
1.899035573005676270e-01 7.395278976310097618e-02 -1.557974830876962535e-02 -1.671053352765738964e-03 -7.009473443031311035e-01 -8.743131533265113831e-03 7.131575942039489746e-01
1.899039745330810547e-01 7.393032426974814608e-02 -1.561188352060238760e-02 -1.889218809083104134e-03 -7.016126513481140137e-01 -7.793577387928962708e-03 7.125138044357299805e-01
1.899012625217437744e-01 7.393540555756387966e-02 -1.557475803369867684e-02 -1.149008632637560368e-03 -7.010490894317626953e-01 -8.715770207345485687e-03 7.130590081214904785e-01
1.898875683546066284e-01 7.393350855887186046e-02 -1.558703009964218511e-02 -1.937778200954198837e-03 -7.019513249397277832e-01 -7.519363891333341599e-03 7.121825814247131348e-01
1.899319440126419067e-01 7.390502156977267478e-02 -1.557190347295095423e-02 -1.623334828764200211e-03 -7.018792033195495605e-01 -8.126743137836456299e-03 7.122479081153869629e-01
1.899376958608627319e-01 7.396377492425991462e-02 -1.557045343939089665e-02 -2.038277685642242432e-03 -7.012166976928710938e-01 -8.177781477570533752e-03 7.128983736038208008e-01
1.899401396512985229e-01 7.397260354614558497e-02 -1.556924636358159031e-02 -1.818821416236460209e-03 -7.017837762832641602e-01 -8.357624523341655731e-03 7.123388051986694336e-01
1.899284720420837402e-01 7.398567930090264866e-02 -1.556307909318477289e-02 -1.872845110483467579e-03 -7.022604346275329590e-01 -8.166959509253501892e-03 7.118709683418273926e-01
1.899404674768447876e-01 7.398288952888847081e-02 -1.557295937504865613e-02 -1.943422015756368637e-03 -7.019530534744262695e-01 -8.156466297805309296e-03 7.121739983558654785e-01
1.899204999208450317e-01 7.397565363003559546e-02 -1.555400481401780777e-02 -2.273892052471637726e-03 -7.021473050117492676e-01 -8.895186707377433777e-03 7.119725346565246582e-01
1.898523718118667603e-01 7.392550599333873318e-02 -1.562060223302935702e-02 -2.272767247632145882e-03 -7.013718485832214355e-01 -7.394561544060707092e-03 7.127535939216613770e-01
1.899204403162002563e-01 7.390308851306530424e-02 -1.557844906327399137e-02 -1.920346752740442753e-03 -7.021090388298034668e-01 -7.854281924664974213e-03 7.120233774185180664e-01
1.898877620697021484e-01 7.398323082668116502e-02 -1.555794612864114246e-02 -1.304091536439955235e-03 -7.012034058570861816e-01 -8.418648503720760345e-03 7.129103541374206543e-01
1.898899078369140625e-01 7.395591794055371426e-02 -1.559698404012577200e-02 -1.579221105203032494e-03 -7.023010849952697754e-01 -7.612700574100017548e-03 7.118379473686218262e-01
1.899196058511734009e-01 7.390114485105929443e-02 -1.558669728608841343e-02 -2.024814952164888382e-03 -7.019607424736022949e-01 -7.867882959544658661e-03 7.121692895889282227e-01
1.898776739835739136e-01 7.391472059744157164e-02 -1.557584170239645349e-02 -1.081527676433324814e-03 -7.015358805656433105e-01 -8.811157196760177612e-03 7.125787734985351562e-01
1.899071931838989258e-01 7.398450963287399318e-02 -1.557436390223632117e-02 -1.567206112667918205e-03 -7.019817829132080078e-01 -7.418058812618255615e-03 7.121547460556030273e-01
1.898706257343292236e-01 7.394202307109402905e-02 -1.559312139753599169e-02 -2.513584448024630547e-03 -7.011319994926452637e-01 -8.476724848151206970e-03 7.129763960838317871e-01
1.898773014545440674e-01 7.393499812127228565e-02 -1.561546425507176483e-02 -1.844541635364294052e-03 -7.014116644859313965e-01 -7.778295781463384628e-03 7.127114534378051758e-01
1.899097263813018799e-01 7.390122352309284881e-02 -1.558956033107500305e-02 -1.938298810273408890e-03 -7.018082141876220703e-01 -7.863601669669151306e-03 7.123199105262756348e-01
1.899186968803405762e-01 7.392011117433043565e-02 -1.558704706811997465e-02 -1.714395941235125065e-03 -7.020030021667480469e-01 -7.938065566122531891e-03 7.121278047561645508e-01
1.899174004793167114e-01 7.392461399131104727e-02 -1.559484639756636426e-02 -1.822831109166145325e-03 -7.019115686416625977e-01 -8.180131204426288605e-03 7.122147679328918457e-01
1.898814439773559570e-01 7.394471199635925529e-02 -1.558016943553763856e-02 -1.513858209364116192e-03 -7.013013958930969238e-01 -8.757282979786396027e-03 7.128096818923950195e-01
1.899094134569168091e-01 7.395777733864132564e-02 -1.557965189696380870e-02 -3.356657689437270164e-03 -7.013058662414550781e-01 -8.114392869174480438e-03 7.128064036369323730e-01
1.898855119943618774e-01 7.394946162756281527e-02 -1.555504374763772013e-02 -2.248074626550078392e-03 -7.011091113090515137e-01 -8.558287285268306732e-03 7.129992842674255371e-01
1.899315565824508667e-01 7.397023008030904900e-02 -1.557489262457967261e-02 -3.240444231778383255e-03 -7.007075548171997070e-01 -8.556626737117767334e-03 7.133897542953491211e-01
1.899262219667434692e-01 7.393421892105737914e-02 -1.556573620255408130e-02 -3.458786290138959885e-03 -7.011336088180541992e-01 -9.184394031763076782e-03 7.129623889923095703e-01
1.899490654468536377e-01 7.395836294395012611e-02 -1.559555560281022935e-02 -3.054244909435510635e-03 -7.003448605537414551e-01 -9.160402230918407440e-03 7.137393355369567871e-01
1.898413449525833130e-01 7.393181402497221721e-02 -1.562123392318132131e-02 -2.793914172798395157e-03 -7.003954052925109863e-01 -8.235314860939979553e-03 7.137020230293273926e-01
1.898337155580520630e-01 7.386614582294541431e-02 -1.568094946749098995e-02 -2.634795615449547768e-03 -6.996069550514221191e-01 -7.317383773624897003e-03 7.144852280616760254e-01
1.898335069417953491e-01 7.387975666322503521e-02 -1.557317379490485987e-02 -2.918602200224995613e-03 -7.008017897605895996e-01 -5.666671320796012878e-03 7.133276462554931641e-01
1.898608058691024780e-01 7.380699679440698435e-02 -1.559768823195573084e-02 -3.189967246726155281e-03 -7.016302943229675293e-01 -5.854540504515171051e-03 7.125098109245300293e-01
1.898228675127029419e-01 7.392889062619505125e-02 -1.558808098832598077e-02 -2.672294154763221741e-03 -7.006049752235412598e-01 -6.875703576952219009e-03 7.135113477706909180e-01
1.897938996553421021e-01 7.376273799081171922e-02 -1.565370349115674520e-02 -2.937462413683533669e-03 -7.046668529510498047e-01 -4.843088798224925995e-03 7.095155119895935059e-01
1.898151040077209473e-01 7.385031114795208296e-02 -1.564451660300053559e-02 -4.863756708800792694e-03 -7.029359340667724609e-01 -3.413039958104491234e-03 7.112283110618591309e-01
1.898249536752700806e-01 7.397291244957153455e-02 -1.557974290970853826e-02 -4.925881512463092804e-03 -7.032402753829956055e-01 -3.658782690763473511e-03 7.109254598617553711e-01
1.898453980684280396e-01 7.394267674313774463e-02 -1.553298279822223904e-02 -4.657635930925607681e-03 -7.015963196754455566e-01 -2.329246839508414268e-03 7.125555276870727539e-01
1.898106187582015991e-01 7.382324006263356331e-02 -1.560327895975355261e-02 -4.669475369155406952e-03 -7.004585862159729004e-01 -3.912222571671009064e-03 7.136672139167785645e-01
1.898319721221923828e-01 7.369011714781774358e-02 -1.559915831917135787e-02 -5.544861778616905212e-03 -7.018508911132812500e-01 -4.348262213170528412e-03 7.122889161109924316e-01
1.897901147603988647e-01 7.363796009626337458e-02 -1.567995411200739930e-02 -3.940567374229431152e-03 -7.027091979980468750e-01 -4.852311685681343079e-03 7.114497423171997070e-01
1.898043304681777954e-01 7.398397281193906661e-02 -1.565426692175014844e-02 -3.641261719167232513e-03 -7.017191052436828613e-01 -7.148027885705232620e-03 7.124087810516357422e-01
1.898735612630844116e-01 7.390322676759490672e-02 -1.564712010740582082e-02 -3.344272496178746223e-03 -7.026150822639465332e-01 -7.523451931774616241e-03 7.115224599838256836e-01
1.898605525493621826e-01 7.386449795235976168e-02 -1.568463085588567285e-02 -3.588073188439011574e-03 -7.033501863479614258e-01 -6.371494848281145096e-03 7.108058333396911621e-01
1.899143159389495850e-01 7.387505195992298546e-02 -1.565431667024197449e-02 -3.491634503006935120e-03 -7.028868198394775391e-01 -6.013637408614158630e-03 7.112675905227661133e-01
1.898519992828369141e-01 7.386340522095229122e-02 -1.568398258290315539e-02 -3.192267846316099167e-03 -7.042563557624816895e-01 -5.926698911935091019e-03 7.099138498306274414e-01
1.898695975542068481e-01 7.391198173086081791e-02 -1.566736967181286966e-02 -2.318969462066888809e-03 -7.045442461967468262e-01 -6.915067788213491440e-03 7.096226811408996582e-01
1.898767054080963135e-01 7.391946830040900529e-02 -1.566555173080169672e-02 -1.744806300848722458e-03 -7.044391036033630371e-01 -6.677460391074419022e-03 7.097309231758117676e-01
1.899391710758209229e-01 7.398679555679081588e-02 -1.562611197491026171e-02 -2.112490357831120491e-03 -7.051553130149841309e-01 -7.264110259711742401e-03 7.090128064155578613e-01
1.898818910121917725e-01 7.396751801621041789e-02 -1.564850843741005804e-02 -2.570048673078417778e-03 -7.048031687736511230e-01 -6.267267744988203049e-03 7.093704938888549805e-01
1.899109780788421631e-01 7.398001877095743140e-02 -1.560170397649313090e-02 -2.536984160542488098e-03 -7.046570181846618652e-01 -6.756509654223918915e-03 7.095115780830383301e-01
1.898972392082214355e-01 7.395813078432160459e-02 -1.557608813097222100e-02 -2.704749116674065590e-03 -7.038274407386779785e-01 -6.945015396922826767e-03 7.103319168090820312e-01
1.899102032184600830e-01 7.391445353673935237e-02 -1.565954450400253162e-02 -3.613908076658844948e-03 -7.017370462417602539e-01 -6.391207221895456314e-03 7.123985290527343750e-01
1.899560242891311646e-01 7.389536091400243645e-02 -1.568554329721633112e-02 -5.499741062521934509e-03 -7.006347179412841797e-01 -7.708767894655466080e-03 7.134574055671691895e-01
1.900103390216827393e-01 7.372041031568780933e-02 -1.579497802415752439e-02 -6.975559517741203308e-03 -7.031453847885131836e-01 -5.207512062042951584e-03 7.109926342964172363e-01
1.899891346693038940e-01 7.359785548455870241e-02 -1.566406621769711460e-02 -3.705967683345079422e-03 -7.024536132812500000e-01 -3.351235063746571541e-03 7.117117643356323242e-01
1.899292320013046265e-01 7.364031736491642721e-02 -1.555463534722811847e-02 -3.932027611881494522e-03 -7.012149095535278320e-01 -5.045198369771242142e-03 7.129212021827697754e-01
1.898993700742721558e-01 7.368149928213967026e-02 -1.561698794725152606e-02 -5.854578223079442978e-03 -7.041687369346618652e-01 -3.718171035870909691e-03 7.099986076354980469e-01
1.898741722106933594e-01 7.374063558431979970e-02 -1.559404733651947872e-02 -3.200066275894641876e-03 -7.058097720146179199e-01 -2.192133339121937752e-03 7.083908915519714355e-01
1.897947192192077637e-01 7.378450874069157617e-02 -1.569311625174252267e-02 -2.473729895427823067e-03 -7.037962675094604492e-01 -8.450354653177782893e-05 7.103980183601379395e-01
1.899233609437942505e-01 7.377843846057145771e-02 -1.553162300611243829e-02 -2.104661893099546432e-03 -7.045148015022277832e-01 -2.113184891641139984e-03 7.096828222274780273e-01
1.899310797452926636e-01 7.361219577656145929e-02 -1.564478308523192807e-02 -3.438182640820741653e-03 -7.029876708984375000e-01 -4.008457530289888382e-03 7.111821770668029785e-01
1.899729371070861816e-01 7.360303607653444213e-02 -1.573892381458696921e-02 -1.529468805529177189e-03 -7.029599547386169434e-01 -4.107121843844652176e-03 7.112156748771667480e-01
1.899389773607254028e-01 7.356539845011804413e-02 -1.580538625707028633e-02 -2.290419535711407661e-03 -7.035883665084838867e-01 -3.080959431827068329e-03 7.105973362922668457e-01
1.898631751537322998e-01 7.357580417632385295e-02 -1.584200847434746873e-02 -2.922811778262257576e-03 -7.032324075698852539e-01 -3.677433356642723083e-03 7.109440565109252930e-01
1.898807585239410400e-01 7.361682142218266278e-02 -1.585458712983356389e-02 -2.620426705107092857e-03 -7.030108571052551270e-01 -4.466901998966932297e-03 7.111601829528808594e-01
1.898953467607498169e-01 7.366926674503652961e-02 -1.581565604262985536e-02 -2.165364567190408707e-03 -7.032107114791870117e-01 -4.282837733626365662e-03 7.109653949737548828e-01
1.899568438529968262e-01 7.373624576197561342e-02 -1.585180545641107219e-02 -1.362714334391057491e-03 -7.020705938339233398e-01 -5.018836818635463715e-03 7.120885252952575684e-01
1.900058239698410034e-01 7.363529315288978860e-02 -1.583656506378894324e-02 -2.907335525378584862e-03 -7.040346264839172363e-01 -4.917999729514122009e-03 7.101426124572753906e-01
1.900553703308105469e-01 7.362223706614105800e-02 -1.577320399627635261e-02 -2.862615045160055161e-03 -7.069437503814697266e-01 -6.692260969430208206e-03 7.072324156761169434e-01
1.900328397750854492e-01 7.352862563760013959e-02 -1.573028493113526327e-02 -7.712753140367567539e-04 -7.054871916770935059e-01 -4.305964335799217224e-03 7.087095975875854492e-01
1.900057643651962280e-01 7.374095432174991582e-02 -1.575978424419594015e-02 -9.115794673562049866e-04 -7.042164206504821777e-01 -2.427928848192095757e-03 7.099805474281311035e-01
1.900540441274642944e-01 7.396426122540859793e-02 -1.572310726501302547e-02 -1.046959194354712963e-03 -7.025871276855468750e-01 -3.450881224125623703e-03 7.115886211395263672e-01
1.900216490030288696e-01 7.393391715210510806e-02 -1.578419339955472456e-02 -3.316829679533839226e-03 -7.000749707221984863e-01 -2.701600780710577965e-03 7.140564918518066406e-01
1.899522542953491211e-01 7.392580390581886263e-02 -1.566636274691257658e-02 -2.497734967619180679e-03 -6.997062563896179199e-01 -3.578374860808253288e-03 7.144173383712768555e-01
1.898906081914901733e-01 7.391871204620385771e-02 -1.556272815421144706e-02 -3.285964485257863998e-03 -6.983973979949951172e-01 -6.539028137922286987e-03 7.156728506088256836e-01
1.898699700832366943e-01 7.391230278217435223e-02 -1.556034292613461822e-02 -1.813092734664678574e-03 -6.995459198951721191e-01 -6.377424113452434540e-03 7.145567536354064941e-01
1.898864507675170898e-01 7.382071368767299802e-02 -1.560185900667693248e-02 -2.817158121615648270e-03 -7.005367279052734375e-01 -6.967676803469657898e-03 7.135769128799438477e-01
1.898454427719116211e-01 7.385484751624109279e-02 -1.560673011675589583e-02 -2.514453604817390442e-03 -7.018890976905822754e-01 -4.894220270216464996e-03 7.122651934623718262e-01
1.898733526468276978e-01 7.373754616441301202e-02 -1.562397896011757936e-02 -1.623326214030385017e-03 -7.010275125503540039e-01 -6.206710357218980789e-03 7.131052613258361816e-01
1.899517625570297241e-01 7.385273301251508993e-02 -1.560241626691477590e-02 -1.787498942576348782e-03 -6.988541483879089355e-01 -5.471595097333192825e-03 7.152408957481384277e-01
1.899610459804534912e-01 7.386819303123097480e-02 -1.564581816237953227e-02 -1.521481783129274845e-03 -7.005864977836608887e-01 -4.937863908708095551e-03 7.135485410690307617e-01
1.900528222322463989e-01 7.385208956012283277e-02 -1.577502155164028919e-02 -2.265442395582795143e-03 -7.015351057052612305e-01 -2.745196223258972168e-03 7.126261591911315918e-01
1.900361925363540649e-01 7.391785070313032502e-02 -1.561412374532322733e-02 -3.489907365292310715e-03 -7.003076672554016113e-01 -2.377267926931381226e-03 7.138284444808959961e-01
1.899694204330444336e-01 7.385929518566873575e-02 -1.559113994210215015e-02 -3.963108174502849579e-03 -7.009772658348083496e-01 -2.495849970728158951e-03 7.131680250167846680e-01
1.900137215852737427e-01 7.395280827416765568e-02 -1.555793301663555006e-02 -3.382269060239195824e-03 -7.037631869316101074e-01 -3.045947290956974030e-03 7.104201316833496094e-01
1.899717748165130615e-01 7.387300282340140967e-02 -1.560391527767218678e-02 -4.360454156994819641e-03 -7.033278942108154297e-01 -1.162594999186694622e-03 7.108514308929443359e-01
1.900026798248291016e-01 7.392035374643395051e-02 -1.566304810902729994e-02 -3.791259601712226868e-03 -7.043682336807250977e-01 -1.325377088505774736e-04 7.098246812820434570e-01
1.900674700736999512e-01 7.393442196432047087e-02 -1.557187223552586319e-02 -3.232622286304831505e-03 -7.041394114494323730e-01 -4.201829142402857542e-04 7.100542783737182617e-01
1.900472939014434814e-01 7.391785436677904275e-02 -1.558317671258580006e-02 -2.609170274809002876e-03 -7.044003605842590332e-01 7.559320656582713127e-04 7.097975611686706543e-01
1.900510042905807495e-01 7.391618547841964648e-02 -1.561493823225901245e-02 -2.831559861078858376e-03 -7.041290402412414551e-01 1.084783812984824181e-03 7.100653648376464844e-01
1.900351643562316895e-01 7.388126242280883271e-02 -1.557848917058524130e-02 -3.571967128664255142e-03 -7.019053101539611816e-01 -9.011875372380018234e-04 7.122606039047241211e-01
1.899176388978958130e-01 7.388973354971843654e-02 -1.553710922351281276e-02 -3.136074403300881386e-03 -6.990110874176025391e-01 -2.934958320111036301e-03 7.150979042053222656e-01
1.899147331714630127e-01 7.384148811795114564e-02 -1.560357976458781604e-02 -2.725974190980195999e-03 -7.007083296775817871e-01 -6.815367843955755234e-03 7.134101390838623047e-01
1.899609118700027466e-01 7.384065415583045133e-02 -1.566732917885443888e-02 -2.161338925361633301e-03 -7.025842070579528809e-01 -4.682244267314672470e-03 7.115818858146667480e-01
1.899256259202957153e-01 7.377759852091884951e-02 -1.576089799337715425e-02 -2.760419389232993126e-03 -7.028442025184631348e-01 -4.734934773296117783e-03 7.113226056098937988e-01
1.899909377098083496e-01 7.371984553532910656e-02 -1.586680751904917530e-02 -2.148827072232961655e-03 -7.021757960319519043e-01 -4.837788641452789307e-03 7.119837999343872070e-01
1.899949163198471069e-01 7.378662420853558668e-02 -1.574249953564244020e-02 -1.922356081195175648e-03 -7.021979093551635742e-01 -4.393045324832201004e-03 7.119656205177307129e-01
1.900178790092468262e-01 7.385804973796065986e-02 -1.564955585526889292e-02 -1.403222209773957729e-03 -7.035733461380004883e-01 -3.263595281168818474e-03 7.106140255928039551e-01
1.900492310523986816e-01 7.380286053511224409e-02 -1.571423969275786980e-02 -1.904180040583014488e-03 -7.033047080039978027e-01 -3.768767695873975754e-03 7.108758687973022461e-01
1.900026798248291016e-01 7.380897998525341730e-02 -1.580670247104382087e-02 -1.604864373803138733e-03 -7.027549147605895996e-01 -2.557727275416254997e-03 7.114255428314208984e-01
1.899496465921401978e-01 7.380600915186778799e-02 -1.576985889226045767e-02 -1.463639317080378532e-03 -7.037797570228576660e-01 -1.938495435751974583e-03 7.104139328002929688e-01
1.899352818727493286e-01 7.376951226993826161e-02 -1.582025835659406354e-02 -1.929768826812505722e-03 -7.031911611557006836e-01 -1.517749158665537834e-03 7.109967470169067383e-01
1.898995637893676758e-01 7.373286807076932792e-02 -1.590896493092397446e-02 -2.180011477321386337e-03 -7.032526731491088867e-01 2.311775606358423829e-04 7.109366655349731445e-01
1.899842172861099243e-01 7.383708499077783205e-02 -1.583541814894651178e-02 -2.245063427835702896e-03 -7.038230895996093750e-01 -1.764627173542976379e-03 7.103696465492248535e-01
1.900362372398376465e-01 7.382822108217117207e-02 -1.583977789080726062e-02 -2.083571394905447960e-03 -7.038306593894958496e-01 -1.729321549646556377e-03 7.103627920150756836e-01
1.899702250957489014e-01 7.383551984152152137e-02 -1.574290793605204186e-02 -2.220972906798124313e-03 -7.031589150428771973e-01 -3.931066486984491348e-03 7.110183835029602051e-01
1.899270266294479370e-01 7.378664869713429109e-02 -1.576704251058780315e-02 -2.931735944002866745e-03 -7.037350535392761230e-01 -4.108563531190156937e-03 7.104443907737731934e-01
1.898792237043380737e-01 7.386229899189193648e-02 -1.563964896374658853e-02 -1.247326261363923550e-03 -7.026572227478027344e-01 -5.891178734600543976e-03 7.115029692649841309e-01
1.898960471153259277e-01 7.382383993688960977e-02 -1.567174715344588076e-02 -1.019244315102696419e-03 -7.022942304611206055e-01 -5.522753112018108368e-03 7.118644118309020996e-01
1.899747997522354126e-01 7.356674320198612615e-02 -1.577604235984064740e-02 -3.680289955809712410e-05 -7.021513581275939941e-01 -7.771116215735673904e-03 7.119851708412170410e-01
1.898836046457290649e-01 7.344986162716075906e-02 -1.587162039639739008e-02 6.969532696530222893e-04 -7.044135332107543945e-01 -3.269387874752283096e-03 7.097817659378051758e-01
1.899248361587524414e-01 7.372148550014660795e-02 -1.577959995547667527e-02 1.291891676373779774e-04 -7.061046361923217773e-01 -3.919277805835008621e-03 7.080966234207153320e-01
1.898572444915771484e-01 7.378853239099707195e-02 -1.576800315782134199e-02 4.645652952603995800e-04 -7.063907384872436523e-01 -4.338113591074943542e-03 7.078088521957397461e-01
1.897947788238525391e-01 7.393955049392113288e-02 -1.566576615065795597e-02 2.066790591925382614e-03 -7.077063322067260742e-01 -3.141638590022921562e-03 7.064968943595886230e-01
1.897505074739456177e-01 7.402607295520118036e-02 -1.585311010096790429e-02 1.959942514076828957e-03 -7.051529884338378906e-01 -4.349002614617347717e-03 7.090391516685485840e-01
1.897076070308685303e-01 7.397492128595832550e-02 -1.581164878233132232e-02 4.464836092665791512e-05 -7.076115012168884277e-01 -2.420821227133274078e-03 7.065976858139038086e-01
1.897951960563659668e-01 7.390372598792553649e-02 -1.579476861771522689e-02 2.611726056784391403e-03 -7.073011398315429688e-01 -3.848777851089835167e-03 7.068971395492553711e-01
1.897236853837966919e-01 7.400624297497319926e-02 -1.622067818254918636e-02 1.940577756613492966e-03 -7.061442732810974121e-01 -2.780198352411389351e-03 7.080595493316650391e-01
1.896778494119644165e-01 7.408647302333241924e-02 -1.637703653539945847e-02 6.295317434705793858e-04 -7.057880759239196777e-01 -2.327716676518321037e-03 7.084187269210815430e-01
1.897120773792266846e-01 7.363027954616178927e-02 -1.556174861026399237e-02 1.531606633216142654e-02 -7.006026506423950195e-01 -1.034473441541194916e-02 7.133123874664306641e-01
1.897375732660293579e-01 7.375868271743395155e-02 -1.543356487226199558e-02 1.888102665543556213e-02 -6.969177722930908203e-01 -1.722298748791217804e-02 7.166956663131713867e-01
1.899447590112686157e-01 7.337497317849299427e-02 -1.579714189072811692e-02 1.527426764369010925e-02 -6.960811614990234375e-01 -6.291782949119806290e-03 7.177731394767761230e-01
1.900928169488906860e-01 7.347810064509523176e-02 -1.587295859226262040e-02 1.436944212764501572e-02 -6.945520043373107910e-01 -7.601291872560977936e-03 7.192587256431579590e-01
1.900646239519119263e-01 7.390130296642087593e-02 -1.644883787804374276e-02 1.198803447186946869e-02 -6.929036974906921387e-01 -3.169393166899681091e-03 7.209236025810241699e-01
1.907509416341781616e-01 7.335447641421570519e-02 -1.617523891280309156e-02 1.024300605058670044e-02 -6.969195604324340820e-01 2.105957642197608948e-02 7.167668342590332031e-01
1.905324608087539673e-01 7.342320183460608607e-02 -1.618414119330841006e-02 1.020831335335969925e-02 -6.966214776039123535e-01 1.541422028094530106e-02 7.172006368637084961e-01
1.903916001319885254e-01 7.362346554537128884e-02 -1.650286435451364664e-02 1.575587317347526550e-02 -6.878983974456787109e-01 5.073421169072389603e-03 7.256180644035339355e-01
1.901536136865615845e-01 7.388857294439958590e-02 -1.679102381632158192e-02 2.268475666642189026e-02 -7.045065164566040039e-01 -7.180681452155113220e-03 7.092987298965454102e-01
1.905651539564132690e-01 7.409360364049337455e-02 -1.767247183651721176e-02 3.781939670443534851e-02 -7.111385464668273926e-01 -2.232104353606700897e-02 7.016789913177490234e-01
1.913961619138717651e-01 7.360753214468866712e-02 -1.805675425440850246e-02 5.043748021125793457e-02 -7.029054760932922363e-01 -1.893536932766437531e-02 7.092401981353759766e-01
1.910852938890457153e-01 7.377447882770497845e-02 -1.882152509280721198e-02 5.357684940099716187e-02 -7.100290060043334961e-01 -2.590663172304630280e-02 7.016530036926269531e-01
1.899121850728988647e-01 7.465666516950990317e-02 -1.939179282584035935e-02 5.743848904967308044e-02 -6.935380697250366211e-01 -3.690769150853157043e-02 7.171773910522460938e-01
1.904984861612319946e-01 7.375673597025016182e-02 -1.877110403222903567e-02 3.871511295437812805e-02 -7.207249999046325684e-01 -2.949115261435508728e-02 6.915106177330017090e-01
1.906740963459014893e-01 7.392037264314792189e-02 -1.882508153150153074e-02 4.593146219849586487e-02 -7.092264890670776367e-01 -2.098762616515159607e-02 7.031697034835815430e-01
1.910465061664581299e-01 7.427820293951430120e-02 -1.939491116928893089e-02 5.500750988721847534e-02 -7.034072875976562500e-01 -1.339142583310604095e-02 7.085288763046264648e-01
1.899943053722381592e-01 7.437404745830249186e-02 -1.902990609915444775e-02 4.671135917305946350e-02 -7.068369388580322266e-01 -2.341691218316555023e-02 7.054439783096313477e-01
1.896257996559143066e-01 7.439348716354036994e-02 -1.954259014572901076e-02 5.579421296715736389e-02 -6.911560893058776855e-01 -2.959333918988704681e-02 7.199406027793884277e-01
1.888042688369750977e-01 7.491324224477984017e-02 -2.020924963096037974e-02 5.998769402503967285e-02 -6.915063261985778809e-01 -3.255770355463027954e-02 7.191387414932250977e-01
1.897297650575637817e-01 7.569144691138256220e-02 -2.042209720344922985e-02 6.721393764019012451e-02 -7.046821713447570801e-01 -3.153430297970771790e-02 7.056280374526977539e-01
1.887331753969192505e-01 7.672306904555374618e-02 -2.038644566023339877e-02 6.852339208126068115e-02 -7.034950852394104004e-01 -3.409627825021743774e-02 7.065669894218444824e-01
1.901007741689682007e-01 7.669057209662548391e-02 -2.042467255560720396e-02 6.716956198215484619e-02 -7.158102393150329590e-01 -2.764495648443698883e-02 6.945068240165710449e-01
1.902846097946166992e-01 7.698819910135638878e-02 -2.036455266018372123e-02 7.275477796792984009e-02 -7.114925384521484375e-01 -1.265923958271741867e-02 6.988022327423095703e-01
1.906517744064331055e-01 7.848147981591317712e-02 -2.028804275776513455e-02 7.252845168113708496e-02 -7.172371149063110352e-01 -7.278124801814556122e-03 6.930060982704162598e-01
1.903361231088638306e-01 8.015769942537036286e-02 -2.215783076013011499e-02 4.654932394623756409e-02 -7.141435146331787109e-01 2.430952899158000946e-02 6.980265974998474121e-01
1.884595751762390137e-01 8.192234138715386027e-02 -2.308502059031858344e-02 -1.231960766017436981e-02 -7.126411795616149902e-01 6.468161195516586304e-02 6.984318494796752930e-01
1.873978674411773682e-01 8.470195526064953906e-02 -2.591467816858428197e-02 -3.118504770100116730e-02 -7.162548899650573730e-01 1.043377593159675598e-01 6.892895698547363281e-01
1.864062547683715820e-01 8.750219624718395817e-02 -3.254069560569716746e-02 -5.546789616346359253e-02 -7.173433303833007812e-01 1.505970954895019531e-01 6.779841184616088867e-01
1.829255372285842896e-01 9.103063039709417825e-02 -3.991590643291331730e-02 -3.738977760076522827e-02 -7.088986039161682129e-01 1.527163088321685791e-01 6.875627636909484863e-01
1.795698702335357666e-01 9.555643262708561625e-02 -4.652380134287981139e-02 -2.818360179662704468e-02 -7.126537561416625977e-01 1.599520444869995117e-01 6.824554204940795898e-01
1.740878075361251831e-01 1.007469520300677129e-01 -5.354573443920196407e-02 -1.445059385150671005e-02 -7.082787752151489258e-01 1.346782147884368896e-01 6.928158402442932129e-01
1.697386056184768677e-01 1.077897150898681627e-01 -5.612557823037828131e-02 -1.657824590802192688e-02 -7.220025658607482910e-01 1.292861700057983398e-01 6.795015931129455566e-01
1.653018295764923096e-01 1.155046466054863580e-01 -5.276427973062391974e-02 9.645174141041934490e-04 -6.991221308708190918e-01 1.202688887715339661e-01 7.048137784004211426e-01
1.602540165185928345e-01 1.236577808660675459e-01 -5.281839972654545079e-02 -3.666150942444801331e-02 -7.032647728919982910e-01 1.507847607135772705e-01 6.937856674194335938e-01
1.580111086368560791e-01 1.307192768361571944e-01 -5.814711205197786725e-02 -4.169815033674240112e-02 -6.980463266372680664e-01 1.403905451297760010e-01 7.009162306785583496e-01
1.550286412239074707e-01 1.369054798121486782e-01 -6.111746183593702586e-02 -4.137424752116203308e-02 -6.950771808624267578e-01 1.256751716136932373e-01 7.066553235054016113e-01
1.531705558300018311e-01 1.435127441889048616e-01 -6.464603096237542257e-02 -5.002925544977188110e-02 -6.943555474281311035e-01 1.121250018477439880e-01 7.090805172920227051e-01
1.502380073070526123e-01 1.489531103518138555e-01 -7.007048715267061301e-02 -6.421487778425216675e-02 -6.972543597221374512e-01 8.182238042354583740e-02 7.092375159263610840e-01
1.496396064758300781e-01 1.553325611032527198e-01 -7.358485453087137973e-02 -6.648355722427368164e-02 -6.837967634201049805e-01 6.711253523826599121e-02 7.235316038131713867e-01
1.492128670215606689e-01 1.608620304786609334e-01 -7.591226386925165048e-02 -7.442799955606460571e-02 -6.767846941947937012e-01 7.372439652681350708e-02 7.286891341209411621e-01
1.478473395109176636e-01 1.657030329342657482e-01 -8.072155460188107368e-02 -8.678900450468063354e-02 -6.759918928146362305e-01 7.433973997831344604e-02 7.279946208000183105e-01
1.467262655496597290e-01 1.701881630244575505e-01 -8.643324479705982721e-02 -9.762816131114959717e-02 -6.743893027305603027e-01 8.872387558221817017e-02 7.264953851699829102e-01
1.450236588716506958e-01 1.748719625838958680e-01 -9.138525638439554122e-02 -1.013535559177398682e-01 -6.732793450355529785e-01 1.053340286016464233e-01 7.247946262359619141e-01
1.429512351751327515e-01 1.795737697355564433e-01 -9.479679408795926854e-02 -1.075972765684127808e-01 -6.688922643661499023e-01 1.223975270986557007e-01 7.252758741378784180e-01
1.410142928361892700e-01 1.835401866066371235e-01 -9.879254235888934588e-02 -1.180570051074028015e-01 -6.652136445045471191e-01 1.348832547664642334e-01 7.248169779777526855e-01
1.384989172220230103e-01 1.880551147237927156e-01 -1.026987270147927678e-01 -1.335679888725280762e-01 -6.655070781707763672e-01 1.491466760635375977e-01 7.190379500389099121e-01
1.362175792455673218e-01 1.922241465907341129e-01 -1.059699681987658071e-01 -1.406865119934082031e-01 -6.589457392692565918e-01 1.592930108308792114e-01 7.215423583984375000e-01
1.339220702648162842e-01 1.967097900195604043e-01 -1.087388189113368542e-01 -1.592990010976791382e-01 -6.575683951377868652e-01 1.646523475646972656e-01 7.177163958549499512e-01
1.315908581018447876e-01 2.006112310519209685e-01 -1.112872675597537109e-01 -1.773956716060638428e-01 -6.533496379852294922e-01 1.704741269350051880e-01 7.159633040428161621e-01
1.298255622386932373e-01 2.044157986044696229e-01 -1.136851517830504976e-01 -1.869285255670547485e-01 -6.523324251174926758e-01 1.783556789159774780e-01 7.125371694564819336e-01
1.295506954193115234e-01 2.089267298677761064e-01 -1.149480350358929037e-01 -1.963551342487335205e-01 -6.421803832054138184e-01 1.826928555965423584e-01 7.181033492088317871e-01
1.295215487480163574e-01 2.136123741345531957e-01 -1.156178094178506033e-01 -2.110878676176071167e-01 -6.388465166091918945e-01 1.830982416868209839e-01 7.167928218841552734e-01
1.296537369489669800e-01 2.188325377093342516e-01 -1.155777866597692549e-01 -2.215941846370697021e-01 -6.347003579139709473e-01 1.884106397628784180e-01 7.159280180931091309e-01
1.291446387767791748e-01 2.243722253140887912e-01 -1.150583863257693684e-01 -2.358405739068984985e-01 -6.288098096847534180e-01 1.931991130113601685e-01 7.152985930442810059e-01
1.287612766027450839e-01 2.298759596910355252e-01 -1.148203618466087095e-01 -2.504057586193084717e-01 -6.236564517021179199e-01 1.978672295808792114e-01 7.135812044143676758e-01
1.287136375904083530e-01 2.354647424409567757e-01 -1.145490200504637457e-01 -2.618655562400817871e-01 -6.186993718147277832e-01 2.026317566633224487e-01 7.124451398849487305e-01
1.288273334503174106e-01 2.409167231653963070e-01 -1.143645965583708346e-01 -2.756720781326293945e-01 -6.120879650115966797e-01 2.065403908491134644e-01 7.118245363235473633e-01
1.286385655403137485e-01 2.469292054684803506e-01 -1.143183399093347097e-01 -2.889515459537506104e-01 -6.074863076210021973e-01 2.064608931541442871e-01 7.105219960212707520e-01
1.286333650350570956e-01 2.524580336089678467e-01 -1.141645302989839905e-01 -3.023140430450439453e-01 -6.011609435081481934e-01 2.085251212120056152e-01 7.097384333610534668e-01
1.283216625452041904e-01 2.579642678596800187e-01 -1.139629449269782269e-01 -3.156356513500213623e-01 -5.998920202255249023e-01 2.142936438322067261e-01 7.032649517059326172e-01
1.285903453826904574e-01 2.634108017629934184e-01 -1.139650286994411399e-01 -3.256964087486267090e-01 -5.986993908882141113e-01 2.218828350305557251e-01 6.973153948783874512e-01
1.285280883312225619e-01 2.687450336522594907e-01 -1.139233337991019113e-01 -3.327709734439849854e-01 -5.910169482231140137e-01 2.276150584220886230e-01 6.986800432205200195e-01
1.286377608776092807e-01 2.740042878637314883e-01 -1.137033479206105424e-01 -3.388975262641906738e-01 -5.919712185859680176e-01 2.361663132905960083e-01 6.920576095581054688e-01
1.291370689868927280e-01 2.789758787003426277e-01 -1.135792139846163451e-01 -3.472903966903686523e-01 -5.916386246681213379e-01 2.443515509366989136e-01 6.853066086769104004e-01
1.298182755708694736e-01 2.843228147853174570e-01 -1.132510764033931583e-01 -3.544608950614929199e-01 -5.871503949165344238e-01 2.505611479282379150e-01 6.832505464553833008e-01
1.306176036596298495e-01 2.895857151587207245e-01 -1.130751254361809233e-01 -3.590956032276153564e-01 -5.820267200469970703e-01 2.554942369461059570e-01 6.833869814872741699e-01
1.310357600450516025e-01 2.951345586311328595e-01 -1.130729097964705554e-01 -3.649464249610900879e-01 -5.771820545196533203e-01 2.594957351684570312e-01 6.828886270523071289e-01
1.314466744661331454e-01 3.007602920613023367e-01 -1.130405388577725434e-01 -3.708131611347198486e-01 -5.747143626213073730e-01 2.656631171703338623e-01 6.794292330741882324e-01
1.318423599004745761e-01 3.060967177891592006e-01 -1.131951992541040397e-01 -3.769543468952178955e-01 -5.720493793487548828e-01 2.720839381217956543e-01 6.757478713989257812e-01
1.322549432516098300e-01 3.115174927115744175e-01 -1.135068877761009620e-01 -3.866077065467834473e-01 -5.668177008628845215e-01 2.784636914730072021e-01 6.720938682556152344e-01
1.324686110019684115e-01 3.168793106818713068e-01 -1.138152093568081114e-01 -3.924333155155181885e-01 -5.632995367050170898e-01 2.851595878601074219e-01 6.688600182533264160e-01
1.322712898254394809e-01 3.223291384101714674e-01 -1.142031103025966665e-01 -3.977577388286590576e-01 -5.604188442230224609e-01 2.950293123722076416e-01 6.638352274894714355e-01
1.318466812372207919e-01 3.275233447693300382e-01 -1.145218042028188776e-01 -4.037926197052001953e-01 -5.569075345993041992e-01 3.007849752902984619e-01 6.605557799339294434e-01
1.315096914768219272e-01 3.326483522056167819e-01 -1.147301984175834733e-01 -4.139652848243713379e-01 -5.493990778923034668e-01 3.066244721412658691e-01 6.578562259674072266e-01
1.314353793859482089e-01 3.374819976209347261e-01 -1.146755009149449389e-01 -4.215816855430603027e-01 -5.439949035644531250e-01 3.147635757923126221e-01 6.536531448364257812e-01
1.313931047916412631e-01 3.421437232394666794e-01 -1.145528982635601878e-01 -4.329963028430938721e-01 -5.369418263435363770e-01 3.253310918807983398e-01 6.468131542205810547e-01
1.315753310918808261e-01 3.465716959762052407e-01 -1.146957526968235275e-01 -4.407194256782531738e-01 -5.315498113632202148e-01 3.331495523452758789e-01 6.420533061027526855e-01
1.318809539079666415e-01 3.511844281519743149e-01 -1.148114774263904181e-01 -4.478907585144042969e-01 -5.273303985595703125e-01 3.419893682003021240e-01 6.358931064605712891e-01
1.324363052845001498e-01 3.557786394270152086e-01 -1.144338772143510541e-01 -4.551428258419036865e-01 -5.231688022613525391e-01 3.512598872184753418e-01 6.290915012359619141e-01
1.328242123126983920e-01 3.598667597768248627e-01 -1.142327266113838391e-01 -4.616580009460449219e-01 -5.193834900856018066e-01 3.593987822532653809e-01 6.228525042533874512e-01
1.332013458013534823e-01 3.625745733200001486e-01 -1.145844873025126942e-01 -4.707209169864654541e-01 -5.121440887451171875e-01 3.667380213737487793e-01 6.177648901939392090e-01
1.334439814090729037e-01 3.639308920498376954e-01 -1.148609478665629791e-01 -4.784156680107116699e-01 -5.043429136276245117e-01 3.723179101943969727e-01 6.149279475212097168e-01
1.336250007152557651e-01 3.642461497850933427e-01 -1.151285569591294911e-01 -4.812480807304382324e-01 -4.976782202720642090e-01 3.769378960132598877e-01 6.153330206871032715e-01
1.332584172487259189e-01 3.632141216126017480e-01 -1.154200810965498869e-01 -4.865747988224029541e-01 -4.913735985755920410e-01 3.776125013828277588e-01 6.157967448234558105e-01
1.323592662811279574e-01 3.616879543008034159e-01 -1.156770923141815510e-01 -4.934624731540679932e-01 -4.860982894897460938e-01 3.808006644248962402e-01 6.125308275222778320e-01
1.310088336467743197e-01 3.602496973464362484e-01 -1.162497952166070547e-01 -5.042938590049743652e-01 -4.823553562164306641e-01 3.822832703590393066e-01 6.057065725326538086e-01
1.298138499259949008e-01 3.590885338996248621e-01 -1.164461299534601535e-01 -5.161466002464294434e-01 -4.724437594413757324e-01 3.839281797409057617e-01 6.024852395057678223e-01
1.291217952966690341e-01 3.584153012502940272e-01 -1.156769237863449762e-01 -5.228223204612731934e-01 -4.683822989463806152e-01 3.864146769046783447e-01 5.982962846755981445e-01
1.283835768699646274e-01 3.579392769251890649e-01 -1.147070663330049811e-01 -5.242050290107727051e-01 -4.669424891471862793e-01 3.894788026809692383e-01 5.962213873863220215e-01
1.285011619329452792e-01 3.567618747415058356e-01 -1.135027741253747946e-01 -5.282779335975646973e-01 -4.644787907600402832e-01 3.897613584995269775e-01 5.943635702133178711e-01
1.289588809013366977e-01 3.552790770754232219e-01 -1.123774136847260907e-01 -5.319163799285888672e-01 -4.622170925140380859e-01 3.909752368927001953e-01 5.920801758766174316e-01
1.294708102941513339e-01 3.532969351412534320e-01 -1.111286684037118278e-01 -5.346694588661193848e-01 -4.616204500198364258e-01 3.931465446949005127e-01 5.886178016662597656e-01
1.300221979618072787e-01 3.507018346156539068e-01 -1.094642411150521522e-01 -5.390968918800354004e-01 -4.570696949958801270e-01 3.959974646568298340e-01 5.862147212028503418e-01
1.303513348102569858e-01 3.481704052661404591e-01 -1.080885057706041374e-01 -5.434257388114929199e-01 -4.527121186256408691e-01 3.984224796295166016e-01 5.839518308639526367e-01
1.317309886217117587e-01 3.460072143494944963e-01 -1.068066082296171837e-01 -5.486292243003845215e-01 -4.497454166412353516e-01 4.024430513381958008e-01 5.785971879959106445e-01
1.339243650436401645e-01 3.447469727319265043e-01 -1.052215890786718511e-01 -5.529189705848693848e-01 -4.459163546562194824e-01 3.990310728549957275e-01 5.798389911651611328e-01
1.365095824003219882e-01 3.451992192061774101e-01 -1.032449204909262619e-01 -5.562850832939147949e-01 -4.432882070541381836e-01 3.957932889461517334e-01 5.808531045913696289e-01
1.388913542032242099e-01 3.468457720352671747e-01 -1.010620978167251494e-01 -5.590748190879821777e-01 -4.406625628471374512e-01 3.990422487258911133e-01 5.779418945312500000e-01
1.396846175193786899e-01 3.478908766856044221e-01 -9.847381972794910787e-02 -5.597540140151977539e-01 -4.389264583587646484e-01 4.010257422924041748e-01 5.772323012351989746e-01
1.390498727560043613e-01 3.475438893429832476e-01 -9.599476387449412673e-02 -5.626863837242126465e-01 -4.374637603759765625e-01 4.013992846012115479e-01 5.752287507057189941e-01
1.374706625938415805e-01 3.462577374382394546e-01 -9.324290618860942015e-02 -5.609415769577026367e-01 -4.396681189537048340e-01 4.025596976280212402e-01 5.744404196739196777e-01
1.360057145357132236e-01 3.448147913992827829e-01 -9.014691543161590381e-02 -5.620982050895690918e-01 -4.371119141578674316e-01 4.015870690345764160e-01 5.759396553039550781e-01
1.364818364381790439e-01 3.439269424064729797e-01 -8.760732279808902678e-02 -5.641344189643859863e-01 -4.417573213577270508e-01 3.984336256980895996e-01 5.725845694541931152e-01
1.396178007125854770e-01 3.451978538221828763e-01 -8.737749517835313728e-02 -5.661378502845764160e-01 -4.327432513236999512e-01 3.982581496238708496e-01 5.775911211967468262e-01
1.426194310188293735e-01 3.466591771082768170e-01 -8.699213661188487379e-02 -5.632021427154541016e-01 -4.323325753211975098e-01 4.044050574302673340e-01 5.764967799186706543e-01
1.418807953596115390e-01 3.470966068233804491e-01 -8.469648108023325461e-02 -5.603103041648864746e-01 -4.332030415534973145e-01 4.056678712368011475e-01 5.777722001075744629e-01
1.400398313999176303e-01 3.473395208995838090e-01 -8.174195613726337184e-02 -5.633378624916076660e-01 -4.322637319564819336e-01 4.052892029285430908e-01 5.757943987846374512e-01
1.375050991773605624e-01 3.471322664651879664e-01 -7.968879403710626974e-02 -5.567242503166198730e-01 -4.347583651542663574e-01 4.127969741821289062e-01 5.750145316123962402e-01
1.345335990190506259e-01 3.461827207618698998e-01 -7.686097734586155861e-02 -5.582675933837890625e-01 -4.299157857894897461e-01 4.150992333889007568e-01 5.755019783973693848e-01
1.326839774847030917e-01 3.457617714880352744e-01 -7.459062798501053804e-02 -5.592264533042907715e-01 -4.272703528404235840e-01 4.185568094253540039e-01 5.740343928337097168e-01
1.313608139753341952e-01 3.447375550339071837e-01 -7.183092931977924644e-02 -5.580052137374877930e-01 -4.203661680221557617e-01 4.246686100959777832e-01 5.758291482925415039e-01
1.299742162227630893e-01 3.456884158906688431e-01 -7.169510321075084347e-02 -5.450409650802612305e-01 -4.215020537376403809e-01 4.271163940429687500e-01 5.855239033699035645e-01
1.293538212776184360e-01 3.471212746516144088e-01 -7.176366743060180742e-02 -5.420970916748046875e-01 -4.261484742164611816e-01 4.234706759452819824e-01 5.875381231307983398e-01
1.292157620191574374e-01 3.466677812834784711e-01 -7.199346998326811020e-02 -5.407240986824035645e-01 -4.300165772438049316e-01 4.291324317455291748e-01 5.818492174148559570e-01
1.290324330329895297e-01 3.454754315098274575e-01 -7.196988052108266309e-02 -5.394539833068847656e-01 -4.326132535934448242e-01 4.503041207790374756e-01 5.648551583290100098e-01
1.279280781745910922e-01 3.458731260632665339e-01 -7.180872915171615523e-02 -5.264516472816467285e-01 -4.328832030296325684e-01 4.585559666156768799e-01 5.702517032623291016e-01
1.264104098081589023e-01 3.457707265057984869e-01 -7.172764489475708105e-02 -5.221261382102966309e-01 -4.232059717178344727e-01 4.656561911106109619e-01 5.757129192352294922e-01
1.248931065201759616e-01 3.455702208978123635e-01 -7.160237799952934301e-02 -5.169925689697265625e-01 -4.177920222282409668e-01 4.717568755149841309e-01 5.793222188949584961e-01
1.232070252299309054e-01 3.450613872495281176e-01 -7.141601070081265989e-02 -5.050089955329895020e-01 -4.119520187377929688e-01 4.897961616516113281e-01 5.791034698486328125e-01
1.229897513985634128e-01 3.450164070928015136e-01 -7.140882339350990149e-02 -5.031136870384216309e-01 -4.109013676643371582e-01 4.919677078723907471e-01 5.796587467193603516e-01
1.231283247470855990e-01 3.449577149598109238e-01 -7.140599293571364692e-02 -5.021025538444519043e-01 -4.120549559593200684e-01 4.946215748786926270e-01 5.774538516998291016e-01
1.230896413326263705e-01 3.450252758219984339e-01 -7.143404857839347200e-02 -5.043331980705261230e-01 -4.108363986015319824e-01 4.924859106540679932e-01 5.782033801078796387e-01
1.230973526835441867e-01 3.449710609568598652e-01 -7.137894691746465847e-02 -5.039268732070922852e-01 -4.108009338378906250e-01 4.916808903217315674e-01 5.792669653892517090e-01
1.230671629309654513e-01 3.449642324942984728e-01 -7.139298486204420646e-02 -5.040684938430786133e-01 -4.103221297264099121e-01 4.918576180934906006e-01 5.793331861495971680e-01
1.230905950069427768e-01 3.449124937735697505e-01 -7.145571713175907780e-02 -5.035591721534729004e-01 -4.107002019882202148e-01 4.934107661247253418e-01 5.781861543655395508e-01
1.230661347508430759e-01 3.450148073317070296e-01 -7.139085782478343800e-02 -5.038697719573974609e-01 -4.110479950904846191e-01 4.926150143146514893e-01 5.783469676971435547e-01
1.230796277523041049e-01 3.449646938247895034e-01 -7.136843668086134684e-02 -5.041816830635070801e-01 -4.103359580039978027e-01 4.930676519870758057e-01 5.781952142715454102e-01
1.231199875473976413e-01 3.449509581312212858e-01 -7.136173586753091769e-02 -5.034397840499877930e-01 -4.113415479660034180e-01 4.928974509239196777e-01 5.782725214958190918e-01
1.231305524706840793e-01 3.448987961626648890e-01 -7.136030530915565828e-02 -5.043343901634216309e-01 -4.108217358589172363e-01 4.937916696071624756e-01 5.770979523658752441e-01
1.231951341032982150e-01 3.450864293483924539e-01 -7.121821358968843940e-02 -5.037050247192382812e-01 -4.131134748458862305e-01 4.940944910049438477e-01 5.757509469985961914e-01
1.232084110379219333e-01 3.450910631890171110e-01 -7.123188189140428062e-02 -5.032406449317932129e-01 -4.120964407920837402e-01 4.973565936088562012e-01 5.740745067596435547e-01
1.232962459325790683e-01 3.450314212069153785e-01 -7.116840532254825602e-02 -5.022487640380859375e-01 -4.129154682159423828e-01 5.014237165451049805e-01 5.708074569702148438e-01
1.232083737850189487e-01 3.451237653986801157e-01 -7.115536234780511782e-02 -5.030522346496582031e-01 -4.130471944808959961e-01 5.023125410079956055e-01 5.692208409309387207e-01
1.232511550188064853e-01 3.451371956596473445e-01 -7.104297375595614028e-02 -5.025993585586547852e-01 -4.139195084571838379e-01 5.034892559051513672e-01 5.679461359977722168e-01
1.233586445450783053e-01 3.452352239058379957e-01 -7.093853624573592809e-02 -5.014617443084716797e-01 -4.142056703567504883e-01 5.048598647117614746e-01 5.675265789031982422e-01
1.234199032187462131e-01 3.450872579114519501e-01 -7.088733559929555339e-02 -5.012861490249633789e-01 -4.144897460937500000e-01 5.089558959007263184e-01 5.638035535812377930e-01
1.234769746661186496e-01 3.450683812511601833e-01 -7.089373734320431053e-02 -5.004830360412597656e-01 -4.152905344963073730e-01 5.107557177543640137e-01 5.622981190681457520e-01
1.235127225518226901e-01 3.450676225866599611e-01 -7.085442620066184638e-02 -4.998228847980499268e-01 -4.163734316825866699e-01 5.128527879714965820e-01 5.601717829704284668e-01
1.234653964638710300e-01 3.452288103996890567e-01 -7.086773951410857419e-02 -4.991818368434906006e-01 -4.178929328918457031e-01 5.101172924041748047e-01 5.621062517166137695e-01
1.234152615070343295e-01 3.452338375040698293e-01 -7.096514513285706593e-02 -4.990855753421783447e-01 -4.173881411552429199e-01 5.083057284355163574e-01 5.642037987709045410e-01
1.232764720916748324e-01 3.451560534232251398e-01 -7.109425172466471432e-02 -4.993409216403961182e-01 -4.183210730552673340e-01 5.066156983375549316e-01 5.648068189620971680e-01
1.233580037951469699e-01 3.449963792755478820e-01 -7.117899230294905122e-02 -5.002326369285583496e-01 -4.190412759780883789e-01 5.067846775054931641e-01 5.633302927017211914e-01
1.232853531837463656e-01 3.450078192111951103e-01 -7.144853406657575290e-02 -4.976622760295867920e-01 -4.206840395927429199e-01 5.018086433410644531e-01 5.688105225563049316e-01
1.232479959726333896e-01 3.449500506068928218e-01 -7.140515685253329137e-02 -4.997552335262298584e-01 -4.182276725769042969e-01 4.978826642036437988e-01 5.722266435623168945e-01
1.232492849230766574e-01 3.450286804120984985e-01 -7.150143869527270102e-02 -4.987335205078125000e-01 -4.225246906280517578e-01 4.959624111652374268e-01 5.716285109519958496e-01
1.232357844710350314e-01 3.450270008220286955e-01 -7.151680770124385633e-02 -4.986091852188110352e-01 -4.147545695304870605e-01 4.969324767589569092e-01 5.765636563301086426e-01
1.233198195695877353e-01 3.450785307147860581e-01 -7.165426143437869655e-02 -4.987198114395141602e-01 -4.144617915153503418e-01 4.924838244915008545e-01 5.804822444915771484e-01
1.232812851667404452e-01 3.448119877439685399e-01 -7.158841101403895513e-02 -4.978453218936920166e-01 -4.125695824623107910e-01 4.988342821598052979e-01 5.771486759185791016e-01
1.229944527149200717e-01 3.449463079970013779e-01 -7.159721823250370099e-02 -4.936410784721374512e-01 -4.177260398864746094e-01 4.974012672901153564e-01 5.782866477966308594e-01
1.229351237416267673e-01 3.452646388585685622e-01 -7.168330954018797829e-02 -4.942124485969543457e-01 -4.146177172660827637e-01 4.924915432929992676e-01 5.842074155807495117e-01
1.229115054011345187e-01 3.452781864527035283e-01 -7.143933715159173081e-02 -4.967539608478546143e-01 -4.181428551673889160e-01 4.874674379825592041e-01 5.837529301643371582e-01
1.229064464569092074e-01 3.452709002268879446e-01 -7.141045641667742583e-02 -4.973148703575134277e-01 -4.162438511848449707e-01 4.901930689811706543e-01 5.823484063148498535e-01
1.230217888951301852e-01 3.451269921089983872e-01 -7.129642978824696220e-02 -4.990033805370330811e-01 -4.133450984954833984e-01 4.948084950447082520e-01 5.790560841560363770e-01
1.228869557380676547e-01 3.450665513550850716e-01 -7.125472705444851895e-02 -5.092438459396362305e-01 -4.117762446403503418e-01 4.899613857269287109e-01 5.753682851791381836e-01
1.229662671685219089e-01 3.451188057825634314e-01 -7.138002229474721405e-02 -5.022773146629333496e-01 -4.136025905609130859e-01 4.945803880691528320e-01 5.762301683425903320e-01
1.227957829833030978e-01 3.450492890140705593e-01 -7.132836716305407387e-02 -5.024104118347167969e-01 -4.169543981552124023e-01 4.951497614383697510e-01 5.732011795043945312e-01
1.228851675987243930e-01 3.451343863160366010e-01 -7.152278966814984429e-02 -4.998825788497924805e-01 -4.168488979339599609e-01 4.957108199596405029e-01 5.750001072883605957e-01
1.229312047362327853e-01 3.451975427976971544e-01 -7.151290051639985768e-02 -4.974871575832366943e-01 -4.179937243461608887e-01 4.959974884986877441e-01 5.759986639022827148e-01
1.229675039649009982e-01 3.451442609096038727e-01 -7.146326251250884054e-02 -5.000816583633422852e-01 -4.171234965324401855e-01 4.962394833564758301e-01 5.741711258888244629e-01
1.230067312717438022e-01 3.450967150418999263e-01 -7.133346329828788024e-02 -5.012050867080688477e-01 -4.173603057861328125e-01 4.971848726272583008e-01 5.721986889839172363e-01
1.230567097663879672e-01 3.451500322167140866e-01 -7.123255118216048620e-02 -5.016359686851501465e-01 -4.164980053901672363e-01 4.996774196624755859e-01 5.702745914459228516e-01
1.230608522891998569e-01 3.451692987663486645e-01 -7.099668548384768796e-02 -5.034338831901550293e-01 -4.166268706321716309e-01 5.027342438697814941e-01 5.658927559852600098e-01
1.230904757976532260e-01 3.452931852373402610e-01 -7.096342958118367905e-02 -5.044767260551452637e-01 -4.176887869834899902e-01 5.015080571174621582e-01 5.652689933776855469e-01
1.231677383184433261e-01 3.452920513380915435e-01 -7.086397212638301246e-02 -5.042939782142639160e-01 -4.171723127365112305e-01 5.037261843681335449e-01 5.638396143913269043e-01
1.232377216219902316e-01 3.452839114821469324e-01 -7.088315499057012969e-02 -5.025683045387268066e-01 -4.178816080093383789e-01 5.056294202804565430e-01 5.631508827209472656e-01
1.231994330883026401e-01 3.452696590212994132e-01 -7.096611869927255123e-02 -5.011850595474243164e-01 -4.187120795249938965e-01 5.050683617591857910e-01 5.642690062522888184e-01
1.232442408800125400e-01 3.452664527502839475e-01 -7.090489026090546210e-02 -5.013415217399597168e-01 -4.191446304321289062e-01 5.058289766311645508e-01 5.631268024444580078e-01
1.232705861330032626e-01 3.452457163062572776e-01 -7.092303303453101337e-02 -5.007333159446716309e-01 -4.189156293869018555e-01 5.065753459930419922e-01 5.631671547889709473e-01
1.232328787446022311e-01 3.452251370134741815e-01 -7.100283501447229861e-02 -5.000717043876647949e-01 -4.186210632324218750e-01 5.057108998298645020e-01 5.647485852241516113e-01
1.232031434774399081e-01 3.450911158298631265e-01 -7.133523496163224342e-02 -4.985978603363037109e-01 -4.189091324806213379e-01 5.027053952217102051e-01 5.685089230537414551e-01
1.231543496251106540e-01 3.451170806861211804e-01 -7.147493026925322290e-02 -4.967299997806549072e-01 -4.197429418563842773e-01 5.016199350357055664e-01 5.704843997955322266e-01
1.231336370110512057e-01 3.451144589598846291e-01 -7.144013968346368815e-02 -4.972388744354248047e-01 -4.191303253173828125e-01 5.020436048507690430e-01 5.701187849044799805e-01
1.230921968817711154e-01 3.451258303467378830e-01 -7.145342407336868762e-02 -4.982518851757049561e-01 -4.182230234146118164e-01 5.015763640403747559e-01 5.703117847442626953e-01
1.231126934289932529e-01 3.451305423773371461e-01 -7.137487351866739216e-02 -4.996099472045898438e-01 -4.173076152801513672e-01 5.026769638061523438e-01 5.688233375549316406e-01
1.230666488409042636e-01 3.451341696787088575e-01 -7.129365717753427534e-02 -4.986766278743743896e-01 -4.176462888717651367e-01 5.044412016868591309e-01 5.678310394287109375e-01
1.221596300601959506e-01 3.449886892770894220e-01 -7.107926277403225912e-02 -4.919506907463073730e-01 -4.118609428405761719e-01 5.127209424972534180e-01 5.705016851425170898e-01
1.212849840521812717e-01 3.448233743638871585e-01 -7.110513333954421311e-02 -4.920143783092498779e-01 -4.010072350502014160e-01 5.161374211311340332e-01 5.750802755355834961e-01
1.223955750465393344e-01 3.446065845126569660e-01 -7.082413958879457683e-02 -4.997744262218475342e-01 -4.069213867187500000e-01 5.169293284416198730e-01 5.634043812751770020e-01
1.223519369959831515e-01 3.445515214164504569e-01 -7.078022285428653415e-02 -4.977687299251556396e-01 -4.081419110298156738e-01 5.188913345336914062e-01 5.624929666519165039e-01
1.221200898289680759e-01 3.445480182934848590e-01 -7.083082497623610641e-02 -4.971467554569244385e-01 -4.068611860275268555e-01 5.188744068145751953e-01 5.639845728874206543e-01
1.220849677920341769e-01 3.447076229282500237e-01 -7.056912419195587871e-02 -4.890919327735900879e-01 -4.160314798355102539e-01 5.256224274635314941e-01 5.580571293830871582e-01
1.222184821963310519e-01 3.446333070692972345e-01 -7.052049041343461111e-02 -4.893374741077423096e-01 -4.174455404281616211e-01 5.262275934219360352e-01 5.562126040458679199e-01
1.227657273411751071e-01 3.447168344978284726e-01 -7.057406356159334759e-02 -4.921888709068298340e-01 -4.197664856910705566e-01 5.230878591537475586e-01 5.549100637435913086e-01
1.235012933611870090e-01 3.449005207770479697e-01 -7.074885083830895205e-02 -4.947573244571685791e-01 -4.227370619773864746e-01 5.191997885704040527e-01 5.540217161178588867e-01
1.243742555379867831e-01 3.450867686215372543e-01 -7.083471769930921313e-02 -5.001637935638427734e-01 -4.283148646354675293e-01 5.128790140151977539e-01 5.507611632347106934e-01
1.256628781557083407e-01 3.452751194003356727e-01 -7.089304703467436131e-02 -5.042992234230041504e-01 -4.364963769912719727e-01 5.060310959815979004e-01 5.468875765800476074e-01
1.266291886568069736e-01 3.453285557401419292e-01 -7.102969283687615709e-02 -5.100718736648559570e-01 -4.403803348541259766e-01 5.019783377647399902e-01 5.421341657638549805e-01
1.275867819786072055e-01 3.452034671103432761e-01 -7.118759011497149958e-02 -5.170938968658447266e-01 -4.460611343383789062e-01 4.944262802600860596e-01 5.377602577209472656e-01
1.285187602043152133e-01 3.451383229064813318e-01 -7.118129076040058401e-02 -5.234667062759399414e-01 -4.499558806419372559e-01 4.885368347167968750e-01 5.337168574333190918e-01
1.292641162872314731e-01 3.451832089652854818e-01 -7.125676539284792055e-02 -5.254028439521789551e-01 -4.532448053359985352e-01 4.857416450977325439e-01 5.315788984298706055e-01
1.295101493597030917e-01 3.450798806728915813e-01 -7.145742207813382540e-02 -5.234773755073547363e-01 -4.579262733459472656e-01 4.863914251327514648e-01 5.288650989532470703e-01
1.293691098690033237e-01 3.450391296200287505e-01 -7.122131515748270081e-02 -5.116572976112365723e-01 -4.734227061271667480e-01 5.017191767692565918e-01 5.122063159942626953e-01
1.296227127313614169e-01 3.448644952524372864e-01 -7.102370990585210597e-02 -4.863897562026977539e-01 -4.961312413215637207e-01 5.292456746101379395e-01 4.870094656944274902e-01
1.290761977434158603e-01 3.446590049612648365e-01 -7.118344826379202628e-02 -4.523902833461761475e-01 -5.268102884292602539e-01 5.505765080451965332e-01 4.633351266384124756e-01
1.292329281568527499e-01 3.449317488501994489e-01 -7.094354348928472165e-02 -4.260101020336151123e-01 -5.504938960075378418e-01 5.710921287536621094e-01 4.351156353950500488e-01
1.298276036977768222e-01 3.448689948878282396e-01 -7.070383038144750776e-02 -3.827528357505798340e-01 -5.796622633934020996e-01 6.015407443046569824e-01 3.945131897926330566e-01
1.294589936733246127e-01 3.448138802113057122e-01 -7.034335493077564783e-02 -3.450126647949218750e-01 -6.024525165557861328e-01 6.220281720161437988e-01 3.620747625827789307e-01
1.295932978391647616e-01 3.446552065289378297e-01 -7.035719098903370217e-02 -3.069092631340026855e-01 -6.272773742675781250e-01 6.397933363914489746e-01 3.209273219108581543e-01
1.294232755899429599e-01 3.447323172697304705e-01 -7.034162973792168483e-02 -2.699963748455047607e-01 -6.429889202117919922e-01 6.576622128486633301e-01 2.848645746707916260e-01
1.297101825475693027e-01 3.448519572827331570e-01 -7.031563345141489396e-02 -2.179596424102783203e-01 -6.643952131271362305e-01 6.729097962379455566e-01 2.413813620805740356e-01
1.297457665205002109e-01 3.450211835264870852e-01 -7.018430283206983367e-02 -1.825554817914962769e-01 -6.755183339118957520e-01 6.857687830924987793e-01 2.001740932464599609e-01
1.295491158962250033e-01 3.453399950973183308e-01 -7.022336793168365565e-02 -1.379569917917251587e-01 -6.927216053009033203e-01 6.907156705856323242e-01 1.549738943576812744e-01
1.294211447238922397e-01 3.452602789238842784e-01 -6.984443983984228721e-02 -9.536097198724746704e-02 -6.993637084960937500e-01 6.970096826553344727e-01 1.263884902000427246e-01
1.293568760156631747e-01 3.451635603356642545e-01 -6.961571671375427206e-02 -4.904559254646301270e-02 -7.043700814247131348e-01 7.036398649215698242e-01 7.967749238014221191e-02
1.290936321020126620e-01 3.453903691089352246e-01 -6.969624062529783393e-02 -1.604643091559410095e-02 -7.073233723640441895e-01 7.054597735404968262e-01 4.198533296585083008e-02
1.291213631629944125e-01 3.452636376219648251e-01 -6.959425332471153025e-02 2.662520296871662140e-02 -7.105983495712280273e-01 7.030875682830810547e-01 3.024633042514324188e-03
1.289534419775009433e-01 3.452765737724269868e-01 -6.976124628539465133e-02 -6.991882622241973877e-02 7.076189517974853516e-01 -7.018150687217712402e-01 4.292289540171623230e-02
1.291829645633697787e-01 3.453858025637510099e-01 -6.984868716553732648e-02 -1.114357933402061462e-01 7.031489610671997070e-01 -6.981726884841918945e-01 7.562121748924255371e-02
1.291749626398086825e-01 3.457368501931637472e-01 -7.025760067876457571e-02 -1.803194135427474976e-01 6.938043236732482910e-01 -6.830636262893676758e-01 1.398023366928100586e-01
1.288074851036072055e-01 3.454689986249054878e-01 -7.000539491477203446e-02 -2.192360758781433105e-01 6.893752217292785645e-01 -6.691065430641174316e-01 1.702742725610733032e-01
1.287046968936920444e-01 3.455931104102872298e-01 -7.033282926828338111e-02 -2.655233740806579590e-01 6.772559881210327148e-01 -6.515469551086425781e-01 2.151941657066345215e-01
1.286547929048538486e-01 3.453762897072792382e-01 -7.016419614995900167e-02 -3.063648939132690430e-01 6.588336229324340820e-01 -6.376906633377075195e-01 2.557921409606933594e-01
1.280647665262222568e-01 3.451144290722248376e-01 -7.016274765898783405e-02 -3.520177602767944336e-01 6.358888149261474609e-01 -6.160489916801452637e-01 3.036658763885498047e-01
1.270287036895752231e-01 3.452485178405117483e-01 -7.008759735585540218e-02 -3.862167894840240479e-01 6.175481081008911133e-01 -5.942805409431457520e-01 3.410297632217407227e-01
1.263827532529831210e-01 3.448773696029319713e-01 -6.986577731506660172e-02 -4.257526099681854248e-01 5.941833853721618652e-01 -5.706332325935363770e-01 3.742437064647674561e-01
1.257726550102234164e-01 3.447975938470018709e-01 -6.949704303628173596e-02 -4.708114266395568848e-01 5.620819926261901855e-01 -5.432684421539306641e-01 4.089734554290771484e-01
1.249024122953415195e-01 3.446037818214607307e-01 -6.953778203766886046e-02 -4.979856610298156738e-01 5.354724526405334473e-01 -5.213978886604309082e-01 4.397996962070465088e-01
1.249639093875885287e-01 3.443949320609133724e-01 -6.919262815835963698e-02 -5.150035023689270020e-01 5.171188712120056152e-01 -5.100770592689514160e-01 4.551712870597839355e-01
1.250702440738678256e-01 3.445555078517989478e-01 -6.861934504968653092e-02 -5.175463557243347168e-01 5.116311311721801758e-01 -5.074003934860229492e-01 4.614374041557312012e-01
1.255260258913040439e-01 3.445888098393061205e-01 -6.648126940846538213e-02 -5.192025899887084961e-01 5.112976431846618652e-01 -5.043392777442932129e-01 4.632987082004547119e-01
1.265565752983093539e-01 3.456531169254270508e-01 -6.670445541171959869e-02 -5.045294761657714844e-01 5.192204713821411133e-01 -5.076041817665100098e-01 4.671167433261871338e-01
1.304162591695785800e-01 3.446634665139925446e-01 -6.665932890187170612e-02 -5.026448369026184082e-01 5.086917877197265625e-01 -5.106408596038818359e-01 4.773116111755371094e-01
1.314236670732498447e-01 3.441194023528487134e-01 -6.711660469797486872e-02 -4.977979063987731934e-01 5.007298588752746582e-01 -5.104536414146423340e-01 4.908196926116943359e-01
1.313748955726623813e-01 3.440984192874227410e-01 -6.719004427002422952e-02 -4.984188079833984375e-01 5.004096627235412598e-01 -5.088366270065307617e-01 4.921930730342864990e-01
1.312279701232910434e-01 3.441265580370791999e-01 -6.730839708900698826e-02 -4.993955194950103760e-01 5.030435323715209961e-01 -5.061194896697998047e-01 4.913189411163330078e-01
1.312656253576278964e-01 3.441296495780457598e-01 -6.725279100150999279e-02 -4.994908869266510010e-01 5.022935271263122559e-01 -5.070635676383972168e-01 4.910159409046173096e-01
1.313066035509109775e-01 3.441476612316152761e-01 -6.712606038224577798e-02 -5.012498497962951660e-01 5.004541873931884766e-01 -5.065193772315979004e-01 4.916626214981079102e-01
1.314129233360290805e-01 3.441219256426314987e-01 -6.707329574349091272e-02 -5.031753182411193848e-01 4.986857771873474121e-01 -5.053641200065612793e-01 4.926805198192596436e-01
1.313122957944870273e-01 3.441894004090763626e-01 -6.709392247088247219e-02 -5.018349289894104004e-01 5.000616312026977539e-01 -5.050268769264221191e-01 4.929987788200378418e-01
1.313030868768692294e-01 3.442102726009255709e-01 -6.708853227964078902e-02 -5.020105242729187012e-01 4.992139935493469238e-01 -5.056461095809936523e-01 4.930443167686462402e-01
1.312142461538315097e-01 3.442538331902229021e-01 -6.724950721540262633e-02 -4.981634616851806641e-01 5.022630691528320312e-01 -5.061128735542297363e-01 4.933708310127258301e-01
1.310477107763290683e-01 3.441829415893786215e-01 -6.746128693072978022e-02 -4.919227659702301025e-01 5.064114332199096680e-01 -5.102849006652832031e-01 4.910887777805328369e-01
1.309785097837448398e-01 3.443402204821511270e-01 -6.729545168301137581e-02 -4.916251897811889648e-01 5.054151415824890137e-01 -5.109978318214416504e-01 4.916720390319824219e-01
1.311050504446029941e-01 3.441045798089931718e-01 -6.728261310129662887e-02 -4.925682246685028076e-01 5.060461163520812988e-01 -5.079005956649780273e-01 4.932859241962432861e-01
1.311405301094055453e-01 3.441050059491750912e-01 -6.737143614108803691e-02 -4.851978421211242676e-01 5.088418126106262207e-01 -5.127822160720825195e-01 4.926638007164001465e-01
1.311268359422683993e-01 3.441400005423457809e-01 -6.721173461245794067e-02 -4.872963726520538330e-01 5.084137916564941406e-01 -5.159735679626464844e-01 4.876769781112670898e-01
1.313735097646713534e-01 3.441684624643754353e-01 -6.725266026710124967e-02 -4.978416264057159424e-01 5.055994391441345215e-01 -5.062374472618103027e-01 4.901491105556488037e-01
1.312617063522339145e-01 3.442262480371555688e-01 -6.723573613870165167e-02 -4.909452497959136963e-01 5.081678032875061035e-01 -5.107321739196777344e-01 4.897865653038024902e-01
1.310053914785385409e-01 3.442741047365217022e-01 -6.750762630109535811e-02 -4.867031276226043701e-01 5.063587427139282227e-01 -5.126094818115234375e-01 4.939153194427490234e-01
1.308665275573730746e-01 3.441914059674617277e-01 -6.735315414881481999e-02 -4.823234975337982178e-01 5.078606009483337402e-01 -5.167287588119506836e-01 4.923742413520812988e-01
1.307148486375808993e-01 3.443753382896098114e-01 -6.714758373943180425e-02 -4.858039915561676025e-01 5.095107555389404297e-01 -5.151937603950500488e-01 4.888441860675811768e-01
1.308958977460861484e-01 3.442392736577736811e-01 -6.691727945972780756e-02 -4.899156391620635986e-01 5.088103413581848145e-01 -5.187115669250488281e-01 4.816983342170715332e-01
1.308919638395309726e-01 3.441833004341199875e-01 -6.715138352152411061e-02 -4.870586395263671875e-01 5.042279362678527832e-01 -5.174860358238220215e-01 4.906485676765441895e-01
1.309423744678497592e-01 3.441863034690487155e-01 -6.700446349881966634e-02 -4.931060671806335449e-01 5.025325417518615723e-01 -5.144787430763244629e-01 4.895085990428924561e-01
1.308059394359588901e-01 3.442643756283693679e-01 -6.719425090993724758e-02 -4.923201203346252441e-01 5.051077008247375488e-01 -5.124447345733642578e-01 4.897829294204711914e-01
1.308288723230362216e-01 3.442782531437039162e-01 -6.724591452586925477e-02 -4.943461120128631592e-01 5.046941637992858887e-01 -5.086417198181152344e-01 4.921276569366455078e-01
1.308482140302658359e-01 3.442554613928001106e-01 -6.735680969884555447e-02 -4.942516386508941650e-01 5.069267153739929199e-01 -5.062858462333679199e-01 4.923570156097412109e-01
1.308641880750656405e-01 3.442578680242978639e-01 -6.726774331565621434e-02 -4.954290091991424561e-01 5.063605308532714844e-01 -5.050621032714843750e-01 4.930123686790466309e-01
1.308200806379318515e-01 3.442119495878766533e-01 -6.748510064677565312e-02 -4.909676313400268555e-01 5.082415938377380371e-01 -5.073596239089965820e-01 4.931807518005371094e-01
1.308432370424270907e-01 3.441977552633480042e-01 -6.743844697392303855e-02 -4.917916953563690186e-01 5.076910853385925293e-01 -5.082037448883056641e-01 4.920567274093627930e-01
1.309468448162079135e-01 3.442363438958174204e-01 -6.722830780188421285e-02 -4.957866668701171875e-01 5.035321116447448730e-01 -5.087907910346984863e-01 4.917142987251281738e-01
1.309925317764282504e-01 3.441320253577656030e-01 -6.704347364370422113e-02 -4.966162741184234619e-01 5.018452405929565430e-01 -5.102286934852600098e-01 4.911114275455474854e-01
1.311011761426925937e-01 3.441113174516334250e-01 -6.697789240512641573e-02 -4.968977868556976318e-01 5.018169283866882324e-01 -5.106900334358215332e-01 4.903749227523803711e-01
1.312152594327926913e-01 3.441175527887652685e-01 -6.681243856251189994e-02 -5.001152753829956055e-01 4.989004135131835938e-01 -5.107910633087158203e-01 4.899750649929046631e-01
1.312395185232162753e-01 3.441158997119420637e-01 -6.672797295069787804e-02 -5.007936954498291016e-01 4.977076053619384766e-01 -5.125667452812194824e-01 4.886387288570404053e-01
1.312179267406463901e-01 3.441055529897614762e-01 -6.671768041195219601e-02 -5.007446408271789551e-01 4.973728060722351074e-01 -5.133417248725891113e-01 4.882166981697082520e-01
1.312505155801773349e-01 3.440978799597807503e-01 -6.676953338067087573e-02 -5.009098649024963379e-01 4.971412420272827148e-01 -5.129165649414062500e-01 4.887296259403228760e-01
1.312506496906280795e-01 3.441612955963754827e-01 -6.686187622267036890e-02 -4.996568262577056885e-01 4.994894862174987793e-01 -5.105462074279785156e-01 4.900980591773986816e-01
1.311415880918503085e-01 3.442479027072212205e-01 -6.709613839982825345e-02 -4.982521533966064453e-01 5.026004910469055176e-01 -5.069676041603088379e-01 4.920582175254821777e-01
1.312581449747085849e-01 3.441311838755240493e-01 -6.699474171796465649e-02 -4.995823502540588379e-01 5.014703869819641113e-01 -5.076752305030822754e-01 4.911319315433502197e-01
1.311496645212173739e-01 3.441915764235344288e-01 -6.704460243312720946e-02 -5.006504654884338379e-01 5.003469586372375488e-01 -5.089665055274963379e-01 4.898521304130554199e-01
1.311872899532318393e-01 3.441319607618556486e-01 -6.705237862374008317e-02 -5.008741617202758789e-01 4.990944266319274902e-01 -5.086903572082519531e-01 4.911863505840301514e-01
1.294364333152771274e-01 3.430041003630812102e-01 -6.691263163939126235e-02 -5.255539417266845703e-01 4.969611167907714844e-01 -5.042791962623596191e-01 4.717257022857666016e-01
1.302797496318817416e-01 3.427630276559578415e-01 -6.680919179853800349e-02 -5.194773674011230469e-01 4.924776554107666016e-01 -5.089377760887145996e-01 4.781121015548706055e-01
1.300515830516815463e-01 3.427514270018303111e-01 -6.667443046149340580e-02 -5.221095681190490723e-01 4.901838898658752441e-01 -5.099082589149475098e-01 4.765658974647521973e-01
1.299147754907608310e-01 3.425716461720423323e-01 -6.673441364497612049e-02 -5.291320681571960449e-01 4.877774715423583984e-01 -5.051990151405334473e-01 4.763053357601165771e-01
1.300951987504959384e-01 3.427506487657334122e-01 -6.659837620126923818e-02 -5.334598422050476074e-01 4.837153553962707520e-01 -5.036455392837524414e-01 4.772644340991973877e-01
1.300030648708343783e-01 3.428223866694095068e-01 -6.655243057671883511e-02 -5.411282777786254883e-01 4.788684844970703125e-01 -4.933242499828338623e-01 4.842483699321746826e-01
1.305579245090484897e-01 3.434539888937962471e-01 -6.650762299712470460e-02 -5.538173317909240723e-01 4.469993114471435547e-01 -4.711474776268005371e-01 5.210548639297485352e-01
1.320494562387466708e-01 3.432432976677571301e-01 -6.610468913692013615e-02 -5.761765241622924805e-01 4.211620688438415527e-01 -4.444354474544525146e-01 5.414057970046997070e-01
1.327552646398544589e-01 3.431424046411672424e-01 -6.585355257985453514e-02 -6.093990802764892578e-01 3.839637041091918945e-01 -4.033048748970031738e-01 5.644021630287170410e-01
1.329396665096283237e-01 3.432643239256721324e-01 -6.593658859741130529e-02 -6.227162480354309082e-01 3.586660623550415039e-01 -3.692447841167449951e-01 5.892718434333801270e-01
1.331736743450165072e-01 3.434499798980852892e-01 -6.591281730256004501e-02 -6.406611204147338867e-01 3.192121982574462891e-01 -3.326986432075500488e-01 6.139777302742004395e-01
1.332373768091202060e-01 3.437083594884773885e-01 -6.599074002358157331e-02 -6.579980254173278809e-01 2.772228717803955078e-01 -2.899490296840667725e-01 6.372720599174499512e-01
1.334988623857498447e-01 3.443239864694578878e-01 -6.585564664427762116e-02 -6.690306663513183594e-01 2.359251379966735840e-01 -2.431716024875640869e-01 6.615169048309326172e-01
1.336534321308136264e-01 3.446507374560892623e-01 -6.589734475030939453e-02 -6.813291907310485840e-01 1.946325898170471191e-01 -2.020109146833419800e-01 6.760917305946350098e-01
1.332248300313949863e-01 3.446646365676683810e-01 -6.576003814159031569e-02 -6.900119185447692871e-01 1.530553102493286133e-01 -1.551182419061660767e-01 6.902142763137817383e-01
1.332530975341797153e-01 3.454630948479740504e-01 -6.574877030101655695e-02 -6.915474534034729004e-01 1.155946254730224609e-01 -1.181047409772872925e-01 7.031722068786621094e-01
1.335098445415497104e-01 3.454012462888716439e-01 -6.538536875203704302e-02 -6.951106786727905273e-01 7.337373495101928711e-02 -7.385697215795516968e-02 7.113244533538818359e-01
1.331341117620468417e-01 3.455404643580535784e-01 -6.542681001701800003e-02 -6.953798532485961914e-01 3.259998559951782227e-02 -2.999464049935340881e-02 7.172754406929016113e-01
1.329901516437530795e-01 3.457811425480674106e-01 -6.510763680550307742e-02 -6.990232467651367188e-01 2.843856811523437500e-03 -1.590854371897876263e-03 7.150914669036865234e-01
1.329449415206909457e-01 3.457762058779604852e-01 -6.497980015000209830e-02 -6.912798285484313965e-01 -5.139887332916259766e-02 4.294729232788085938e-02 7.194762825965881348e-01
1.324179023504257480e-01 3.464531956953654235e-01 -6.494062610504763855e-02 -6.889069080352783203e-01 -7.435697317123413086e-02 7.266359031200408936e-02 7.173550724983215332e-01
1.323699802160263339e-01 3.460917547768697644e-01 -6.455621912310310906e-02 -6.867755055427551270e-01 -1.186020970344543457e-01 1.392265707254409790e-01 7.034835219383239746e-01
1.317438781261444369e-01 3.463260202320291303e-01 -6.463574536527966208e-02 -6.687723398208618164e-01 -1.591032743453979492e-01 1.809072047472000122e-01 7.033507823944091797e-01
1.316316127777099887e-01 3.461909611753280491e-01 -6.443222544218357717e-02 -6.581025719642639160e-01 -1.993430852890014648e-01 2.143615782260894775e-01 6.936947703361511230e-01
1.314758062362671176e-01 3.462134438299822592e-01 -6.454640748644502324e-02 -6.462445855140686035e-01 -2.345950007438659668e-01 2.491493821144104004e-01 6.820979118347167969e-01
1.313055753707886020e-01 3.463030692088219786e-01 -6.450107504097979394e-02 -6.298540830612182617e-01 -2.714442610740661621e-01 2.883617877960205078e-01 6.681686639785766602e-01
1.310311853885650912e-01 3.462797820940596849e-01 -6.467914571815552849e-02 -6.075395941734313965e-01 -3.163095116615295410e-01 3.301784396171569824e-01 6.494814753532409668e-01
1.306893080472946445e-01 3.461311364928541523e-01 -6.501394651210495867e-02 -5.885099768638610840e-01 -3.484819531440734863e-01 3.658605217933654785e-01 6.311596035957336426e-01
1.304152309894562045e-01 3.460921276977348415e-01 -6.495131238960843989e-02 -5.631213784217834473e-01 -3.756375312805175781e-01 4.049376547336578369e-01 6.146675944328308105e-01
1.302705854177475253e-01 3.460224522354096721e-01 -6.464290220645180218e-02 -5.402491092681884766e-01 -4.055300354957580566e-01 4.438949525356292725e-01 5.887559056282043457e-01
1.301621496677398959e-01 3.458941649511281802e-01 -6.431740708000338591e-02 -5.231714248657226562e-01 -4.298495054244995117e-01 4.745126068592071533e-01 5.624577999114990234e-01
1.299334168434143344e-01 3.455271674346139243e-01 -6.405857801777231630e-02 -5.033202171325683594e-01 -4.576504230499267578e-01 5.040647983551025391e-01 5.321124792098999023e-01
1.300106048583984653e-01 3.451224837001330426e-01 -6.393326465205423359e-02 -4.830360114574432373e-01 -4.828413128852844238e-01 5.258571505546569824e-01 5.069662928581237793e-01
1.299542188644409457e-01 3.448960328074854309e-01 -6.360140673206671202e-02 -4.697342514991760254e-01 -4.941927194595336914e-01 5.444459319114685059e-01 4.885712563991546631e-01
1.310515552759170810e-01 3.448597312558746020e-01 -6.324441579688200310e-02 -4.603408277034759521e-01 -5.211722850799560547e-01 5.506513714790344238e-01 4.617885947227478027e-01
1.325681656599045077e-01 3.439055143041511164e-01 -6.274405549297890072e-02 -4.783241152763366699e-01 -5.240610241889953613e-01 5.399745106697082520e-01 4.527622163295745850e-01
1.325319707393646518e-01 3.437995594649302933e-01 -6.279972868309274814e-02 -4.769960641860961914e-01 -5.209663510322570801e-01 5.434269309043884277e-01 4.536034762859344482e-01
1.325062513351440707e-01 3.437840498905462838e-01 -6.279212911890813542e-02 -4.828110039234161377e-01 -5.189986228942871094e-01 5.372331738471984863e-01 4.570717215538024902e-01
1.323754340410232822e-01 3.437685372309843834e-01 -6.275361915847238459e-02 -4.822851717472076416e-01 -5.170397758483886719e-01 5.405158996582031250e-01 4.559755325317382812e-01
1.322069913148880282e-01 3.437425960920305612e-01 -6.274013577460008095e-02 -4.833932816982269287e-01 -5.167674422264099121e-01 5.400472283363342285e-01 4.556660056114196777e-01
1.324173808097839633e-01 3.437146488162205471e-01 -6.268819102184225445e-02 -4.842877984046936035e-01 -5.176112055778503418e-01 5.364928245544433594e-01 4.579510986804962158e-01
1.323784440755844394e-01 3.437532330137467729e-01 -6.272812517747411443e-02 -4.828176796436309814e-01 -5.176874995231628418e-01 5.380840897560119629e-01 4.575507342815399170e-01
1.324616521596908847e-01 3.437290407849510898e-01 -6.264658354290802977e-02 -4.814559221267700195e-01 -5.192512869834899902e-01 5.390414595603942871e-01 4.560837149620056152e-01
1.325339972972870151e-01 3.437887073520634051e-01 -6.273887972159347681e-02 -4.814431369304656982e-01 -5.194793939590454102e-01 5.379586219787597656e-01 4.571149051189422607e-01
1.324899047613144198e-01 3.438670074288931455e-01 -6.291426937927202534e-02 -4.809256494045257568e-01 -5.190568566322326660e-01 5.351179838180541992e-01 4.614534080028533936e-01
1.322167664766311923e-01 3.439442693433973353e-01 -6.300152630568911505e-02 -4.755617380142211914e-01 -5.183827877044677734e-01 5.335789918899536133e-01 4.694825410842895508e-01
1.324507445096969882e-01 3.438810426739420945e-01 -6.303252424386002195e-02 -4.707141518592834473e-01 -5.231454372406005859e-01 5.370666980743408203e-01 4.650878310203552246e-01
1.324912011623382846e-01 3.438764615705751093e-01 -6.321860905598553071e-02 -4.702597260475158691e-01 -5.241482257843017578e-01 5.342379212379455566e-01 4.676687121391296387e-01
1.323646456003189364e-01 3.438980416179029942e-01 -6.328340395987480660e-02 -4.700065553188323975e-01 -5.219362378120422363e-01 5.331347584724426270e-01 4.716395735740661621e-01
1.325527131557464877e-01 3.438555240115214739e-01 -6.313650784729823995e-02 -4.676024317741394043e-01 -5.274296402931213379e-01 5.308868288993835449e-01 4.704517126083374023e-01
1.325463950634002963e-01 3.439280708102486206e-01 -6.328982961391133033e-02 -4.732198715209960938e-01 -5.255584120750427246e-01 5.262948274612426758e-01 4.720859229564666748e-01
1.326768845319748202e-01 3.439364864039579639e-01 -6.330698628758663071e-02 -4.699819386005401611e-01 -5.253906250000000000e-01 5.324335694313049316e-01 4.686104953289031982e-01
1.326563507318496982e-01 3.437352614674883955e-01 -6.312541509056396327e-02 -4.703548252582550049e-01 -5.223057866096496582e-01 5.356659889221191406e-01 4.680007398128509521e-01
1.326518952846527377e-01 3.440078045306313448e-01 -6.323337934464229315e-02 -4.720851182937622070e-01 -5.289529561996459961e-01 5.307715535163879395e-01 4.643549323081970215e-01
1.324000805616379062e-01 3.440556058896208635e-01 -6.320847193307083112e-02 -4.788985550403594971e-01 -5.256201028823852539e-01 5.217403769493103027e-01 4.713454842567443848e-01
1.321603208780288974e-01 3.439817567602201920e-01 -6.316980694245127870e-02 -4.815527796745300293e-01 -5.249283313751220703e-01 5.191593766212463379e-01 4.722611606121063232e-01
1.323407441377640048e-01 3.440482438841258594e-01 -6.324284389879936130e-02 -4.774578809738159180e-01 -5.248929858207702637e-01 5.241062045097351074e-01 4.709932804107666016e-01
1.321970969438553134e-01 3.439065464889445312e-01 -6.325565934168070337e-02 -4.857659637928009033e-01 -5.229541659355163574e-01 5.164445042610168457e-01 4.731127321720123291e-01
1.321616619825363437e-01 3.438375725189187215e-01 -6.330403840021087136e-02 -4.822211265563964844e-01 -5.261775851249694824e-01 5.178277492523193359e-01 4.716508984565734863e-01
1.320519000291824618e-01 3.438422297876123079e-01 -6.336890542013090544e-02 -4.829466640949249268e-01 -5.210617780685424805e-01 5.209352970123291016e-01 4.731633663177490234e-01
1.320580095052719394e-01 3.438847815237730532e-01 -6.339914594715501117e-02 -4.831191599369049072e-01 -5.222326517105102539e-01 5.198751688003540039e-01 4.728623926639556885e-01
1.321318447589874545e-01 3.439688073049287920e-01 -6.355957480644841562e-02 -4.796194732189178467e-01 -5.253016948699951172e-01 5.200067758560180664e-01 4.728807806968688965e-01
1.320582330226898471e-01 3.439952467000953473e-01 -6.347066268214845985e-02 -4.755357503890991211e-01 -5.255103707313537598e-01 5.232241749763488770e-01 4.732241928577423096e-01
1.320601254701614657e-01 3.439018466062328527e-01 -6.315680638890269760e-02 -4.782770276069641113e-01 -5.213339328765869141e-01 5.289777517318725586e-01 4.686623513698577881e-01
1.320749670267105380e-01 3.439191820273961864e-01 -6.313738558037879089e-02 -4.778278768062591553e-01 -5.223248004913330078e-01 5.284284949302673340e-01 4.686366319656372070e-01
1.320772320032120029e-01 3.439079575721350479e-01 -6.297426104699371807e-02 -4.803259670734405518e-01 -5.211498141288757324e-01 5.292490124702453613e-01 4.664603173732757568e-01
1.322579979896545688e-01 3.438229877265764345e-01 -6.281402192613422253e-02 -4.854921400547027588e-01 -5.170593261718750000e-01 5.331276655197143555e-01 4.612181484699249268e-01
1.324143409729004184e-01 3.438995992470383345e-01 -6.278208802215207163e-02 -4.877375662326812744e-01 -5.175644159317016602e-01 5.311644673347473145e-01 4.605469405651092529e-01
1.323991566896438876e-01 3.438341664826415900e-01 -6.284315757386321755e-02 -4.875296652317047119e-01 -5.179271101951599121e-01 5.314738750457763672e-01 4.600020945072174072e-01
1.324198991060257236e-01 3.438626407453823641e-01 -6.281196256996118832e-02 -4.870350360870361328e-01 -5.189976692199707031e-01 5.316596627235412598e-01 4.591039121150970459e-01
1.325156390666961947e-01 3.438511442160052112e-01 -6.282107232867267799e-02 -4.861441254615783691e-01 -5.191442966461181641e-01 5.327709913253784180e-01 4.585933685302734375e-01
1.324708908796310702e-01 3.438598868385600027e-01 -6.283053148376860353e-02 -4.855807125568389893e-01 -5.199898481369018555e-01 5.327066779136657715e-01 4.583073556423187256e-01
1.324898153543472568e-01 3.438337214457456992e-01 -6.280740807625262434e-02 -4.865893125534057617e-01 -5.190743803977966309e-01 5.329130887985229492e-01 4.580350816249847412e-01
1.324575394392013827e-01 3.438235089287988155e-01 -6.281514068872934287e-02 -4.867255091667175293e-01 -5.187526345252990723e-01 5.332009196281433105e-01 4.579201042652130127e-01
1.324864625930786410e-01 3.438550755038006224e-01 -6.275103725031161428e-02 -4.867684841156005859e-01 -5.186612010002136230e-01 5.340269804000854492e-01 4.570142626762390137e-01
1.325258910655975619e-01 3.438618704150536165e-01 -6.279179746229601733e-02 -4.856659173965454102e-01 -5.185201168060302734e-01 5.347190499305725098e-01 4.575382173061370850e-01
1.323569715023041049e-01 3.437755018270156060e-01 -6.290532236368878705e-02 -4.812563061714172363e-01 -5.197423696517944336e-01 5.373901724815368652e-01 4.576811492443084717e-01
1.325845569372177402e-01 3.436430555302532608e-01 -6.275802749188325036e-02 -4.778017103672027588e-01 -5.230278372764587402e-01 5.429300665855407715e-01 4.509703516960144043e-01
1.331910938024521152e-01 3.438100292085752296e-01 -6.292845579803257872e-02 -4.668018817901611328e-01 -5.386903882026672363e-01 5.472954511642456055e-01 4.386074542999267578e-01
1.325292140245437900e-01 3.432462139320606176e-01 -6.291718063016155105e-02 -4.620655775070190430e-01 -5.341042280197143555e-01 5.551847815513610840e-01 4.393150508403778076e-01
1.330195814371109286e-01 3.434584315498099838e-01 -6.302920690644414625e-02 -4.648267030715942383e-01 -5.357905626296997070e-01 5.516859889030456543e-01 4.387566447257995605e-01
1.323641389608383456e-01 3.431533282915941174e-01 -6.302594433093405835e-02 -4.630434215068817139e-01 -5.316299796104431152e-01 5.574600696563720703e-01 4.384048879146575928e-01
1.322254985570907870e-01 3.429362438058852214e-01 -6.310484428201978968e-02 -4.616459310054779053e-01 -5.340469479560852051e-01 5.567848682403564453e-01 4.377985298633575439e-01
1.319041550159454623e-01 3.431180701085461693e-01 -6.310778484209833561e-02 -4.523369073867797852e-01 -5.368626117706298828e-01 5.657421350479125977e-01 4.325569272041320801e-01
1.322424709796905795e-01 3.434129165003844686e-01 -6.272453518747128642e-02 -4.161473810672760010e-01 -5.586061477661132812e-01 5.954531431198120117e-01 4.002698063850402832e-01
1.348417848348617831e-01 3.446901853105724389e-01 -6.290008527439477914e-02 -3.908778131008148193e-01 -5.839111804962158203e-01 6.014523506164550781e-01 3.801541626453399658e-01
1.344615072011947909e-01 3.442026119116560756e-01 -6.299410683875783512e-02 -3.555731475353240967e-01 -5.953677892684936523e-01 6.273379325866699219e-01 3.543335497379302979e-01
1.313803791999817172e-01 3.432188447414384336e-01 -6.330758018431070777e-02 -3.137382268905639648e-01 -6.163887381553649902e-01 6.493216156959533691e-01 3.162513673305511475e-01
1.284326910972595492e-01 3.406906576245440355e-01 -6.353989330040143990e-02 -2.722679376602172852e-01 -6.364048123359680176e-01 6.690945625305175781e-01 2.705031037330627441e-01
1.277390271425247470e-01 3.401113377870592092e-01 -6.373188815622582437e-02 -2.276848405599594116e-01 -6.549833416938781738e-01 6.831808090209960938e-01 2.289551794528961182e-01
1.273343861103058139e-01 3.396602425661821578e-01 -6.363676865421774576e-02 -1.846594065427780151e-01 -6.637312173843383789e-01 6.994102597236633301e-01 1.902289241552352905e-01
1.277708113193512240e-01 3.397884623621995615e-01 -6.384517279939844192e-02 -1.358274817466735840e-01 -6.829433441162109375e-01 7.030900716781616211e-01 1.442341059446334839e-01
1.279934197664261142e-01 3.397196229830546366e-01 -6.354406831724213056e-02 -9.204712510108947754e-02 -6.949920058250427246e-01 7.067722678184509277e-01 9.479696303606033325e-02
