3.980838727162276137e-03 2.426707848906517473e-01 -1.672185580736668120e-02 -2.814102731645107269e-02 7.045840024948120117e-01 -7.083560824394226074e-01 3.164394572377204895e-02
3.997197346463769209e-03 2.427942074835300890e-01 -1.677063052695937362e-02 -2.872258238494396210e-02 7.036293148994445801e-01 -7.093041539192199707e-01 3.112133406102657318e-02
3.972368219196235374e-03 2.427660368382931200e-01 -1.672093909223770769e-02 -2.814464829862117767e-02 7.031756043434143066e-01 -7.097885608673095703e-01 3.085363470017910004e-02
3.827904611260827573e-03 2.426421597599983659e-01 -1.674362531371059726e-02 -2.663777023553848267e-02 7.017565369606018066e-01 -7.112482786178588867e-01 3.088309615850448608e-02
4.000789804629160430e-03 2.426515102386475053e-01 -1.666251691003589608e-02 -2.810300141572952271e-02 7.007349133491516113e-01 -7.121317386627197266e-01 3.238366544246673584e-02
3.943843156571273136e-03 2.426446147263050523e-01 -1.674598307527264129e-02 -2.807714976370334625e-02 7.011384367942810059e-01 -7.117272615432739258e-01 3.257083147764205933e-02
3.714178453305142825e-03 2.425912909209728685e-01 -1.662139865908640601e-02 -2.918350324034690857e-02 7.021662592887878418e-01 -7.106896042823791504e-01 3.210444748401641846e-02
3.966944214732552078e-03 2.427211619913578478e-01 -1.666545552169440558e-02 -2.920701541006565094e-02 7.014039158821105957e-01 -7.114196419715881348e-01 3.259097039699554443e-02
3.928857409666989577e-03 2.427809417247772661e-01 -1.662875013714182337e-02 -2.900218404829502106e-02 7.017853260040283203e-01 -7.110565900802612305e-01 3.247711807489395142e-02
3.992414225739164026e-03 2.430057778954506364e-01 -1.664622570556256731e-02 -2.968765608966350555e-02 7.024206519126892090e-01 -7.103700041770935059e-01 3.314165398478507996e-02
3.766176642081690319e-03 2.426789954304695573e-01 -1.659929303464069417e-02 -2.948739193379878998e-02 7.041980624198913574e-01 -7.086619138717651367e-01 3.215671330690383911e-02
3.998668297242950233e-03 2.426227621734142748e-01 -1.669457680134117661e-02 -2.829111181199550629e-02 7.032762169837951660e-01 -7.096562385559082031e-01 3.146399930119514465e-02
3.984073964064875108e-03 2.425383135676384416e-01 -1.658706042777580159e-02 -2.754738740622997284e-02 7.035465240478515625e-01 -7.094479203224182129e-01 3.077032603323459625e-02
3.693097899792678086e-03 2.423526227474213091e-01 -1.675506588421532550e-02 -2.746173180639743805e-02 7.038168907165527344e-01 -7.091726064682006836e-01 3.101971372961997986e-02
3.988416406921727921e-03 2.423407949507236925e-01 -1.674336362607814488e-02 -2.750339731574058533e-02 7.030610442161560059e-01 -7.099381685256958008e-01 3.060562536120414734e-02
4.082907279638573785e-03 2.426002427935600725e-01 -1.656964302309732462e-02 -2.857877872884273529e-02 7.026326060295104980e-01 -7.102297544479370117e-01 3.263054415583610535e-02
3.880888082865478241e-03 2.424392469227314439e-01 -1.653329214634313704e-02 -2.845348045229911804e-02 7.028415799140930176e-01 -7.100722789764404297e-01 3.164233267307281494e-02
3.931907287425665844e-03 2.424200393259525743e-01 -1.651237336029953706e-02 -2.879055589437484741e-02 7.030515670776367188e-01 -7.098442912101745605e-01 3.178733214735984802e-02
3.783798807877617777e-03 2.422871991991997209e-01 -1.645405191370646891e-02 -2.792421169579029083e-02 7.032665014266967773e-01 -7.096837162971496582e-01 3.138966858386993408e-02
3.796669121056931752e-03 2.423742964863777605e-01 -1.649132189568786044e-02 -2.775182761251926422e-02 7.031355500221252441e-01 -7.097918391227722168e-01 3.202419728040695190e-02
3.682867379761104766e-03 2.422690682113171068e-01 -1.657599878624910206e-02 -2.760782837867736816e-02 7.049915194511413574e-01 -7.080250978469848633e-01 3.041451424360275269e-02
3.875810277094175228e-03 2.424426034092903581e-01 -1.667535900599725895e-02 -3.024401701986789703e-02 7.063910365104675293e-01 -7.065243721008300781e-01 3.033323958516120911e-02
3.571705431613018435e-03 2.422132968902588335e-01 -1.677120150735622595e-02 -2.961905486881732941e-02 7.067985534667968750e-01 -7.061764597892761230e-01 2.955340780317783356e-02
3.725374910428917198e-03 2.424807094037533250e-01 -1.675952520287349312e-02 -2.961383387446403503e-02 7.061648964881896973e-01 -7.068063020706176758e-01 2.964299172163009644e-02
3.927703414025832986e-03 2.425512887537479845e-01 -1.664899126005309205e-02 -2.947955764830112457e-02 7.059997320175170898e-01 -7.069920301437377930e-01 2.928132191300392151e-02
3.593857873864362597e-03 2.423907324671745744e-01 -1.663848999813488660e-02 -2.813000977039337158e-02 7.061323523521423340e-01 -7.069334387779235840e-01 2.881899848580360413e-02
3.739512819210159301e-03 2.425667226314545122e-01 -1.654306819623457825e-02 -2.847611531615257263e-02 7.046501040458679199e-01 -7.083128690719604492e-01 3.082693740725517273e-02
3.953330215473408772e-03 2.428699761629105058e-01 -1.659673159453511904e-02 -2.810946106910705566e-02 7.037279605865478516e-01 -7.092195749282836914e-01 3.137706592679023743e-02
3.783857744887001752e-03 2.427671022713184801e-01 -1.645477566355557641e-02 -2.761399000883102417e-02 7.048861980438232422e-01 -7.080992460250854492e-01 3.112195990979671478e-02
3.822170625122038069e-03 2.428058005869389024e-01 -1.655888902938518203e-02 -2.815050445497035980e-02 7.048275470733642578e-01 -7.081325650215148926e-01 3.121043741703033447e-02
3.759118372835949275e-03 2.425847157835960832e-01 -1.643794401570453090e-02 -2.737548761069774628e-02 7.037559747695922852e-01 -7.092006206512451172e-01 3.181249275803565979e-02
3.859126604439559217e-03 2.423966668546200243e-01 -1.631358353765877123e-02 -2.669841982424259186e-02 7.035471200942993164e-01 -7.094639539718627930e-01 3.113705478608608246e-02
3.909060648186316912e-03 2.421687051653862444e-01 -1.606120123233656383e-02 -2.653300948441028595e-02 7.035094499588012695e-01 -7.095224857330322266e-01 3.079411387443542480e-02
3.859057319711049240e-03 2.423684626817703691e-01 -1.616095372343445691e-02 -2.746734023094177246e-02 7.030535340309143066e-01 -7.098556756973266602e-01 3.265547752380371094e-02
3.721677175468133571e-03 2.423944316804409471e-01 -1.634009921662116227e-02 -2.703960426151752472e-02 7.035858035087585449e-01 -7.093312144279479980e-01 3.295181319117546082e-02
3.766365600432323470e-03 2.423698186874390093e-01 -1.639703685260296417e-02 -2.681615017354488373e-02 7.032204270362854004e-01 -7.097126841545104980e-01 3.270545974373817444e-02
3.925581456738839493e-03 2.426975734531879869e-01 -1.639232872472379254e-02 -2.792672626674175262e-02 7.029597163200378418e-01 -7.098835706710815430e-01 3.366322815418243408e-02
3.829374662238330985e-03 2.425455965101719347e-01 -1.633776103980483230e-02 -2.716279402375221252e-02 7.028155922889709473e-01 -7.100620865821838379e-01 3.353413194417953491e-02
3.677834564073349279e-03 2.423427395522594896e-01 -1.632134005300006629e-02 -2.649504318833351135e-02 7.030479311943054199e-01 -7.098824381828308105e-01 3.298800438642501831e-02
3.801898993310418896e-03 2.422492757439613786e-01 -1.635273867443470808e-02 -2.822343073785305023e-02 7.025874257087707520e-01 -7.102387547492980957e-01 3.369573503732681274e-02
3.613295164577993469e-03 2.418846815824509111e-01 -1.637525103735376630e-02 -2.773177064955234528e-02 7.020617723464965820e-01 -7.107839584350585938e-01 3.355703130364418030e-02
2.778391465561373154e-03 2.407847933471203294e-01 -1.649770705704728391e-02 -2.750978805124759674e-02 7.037025690078735352e-01 -7.092348933219909668e-01 3.211795166134834290e-02
1.587034709437677195e-03 2.397041164338589159e-01 -1.646183401715778372e-02 -2.437743358314037323e-02 7.039675712585449219e-01 -7.092259526252746582e-01 2.887601032853126526e-02
4.303914019208190207e-04 2.389248415827751604e-01 -1.642299135057095905e-02 -2.439698576927185059e-02 7.036472558975219727e-01 -7.095357179641723633e-01 2.905889414250850677e-02
-1.082744176108394780e-04 2.389388263225555864e-01 -1.647816069349999912e-02 -2.390638738870620728e-02 7.026049494743347168e-01 -7.105706930160522461e-01 2.939170040190219879e-02
9.254595810621748337e-04 2.389744549989700761e-01 -1.636468324634959837e-02 -2.645473740994930267e-02 7.037005424499511719e-01 -7.093047499656677246e-01 3.150325268507003784e-02
2.962505508913541342e-03 2.394766129553318468e-01 -1.648593490962729780e-02 -3.560769930481910706e-02 7.050354480743408203e-01 -7.072399258613586426e-01 3.832640871405601501e-02
5.574716586266862707e-03 2.398872405290604082e-01 -1.623826891475566025e-02 -4.321955144405364990e-02 7.033054232597351074e-01 -7.081457972526550293e-01 4.497491568326950073e-02
8.510151944875270560e-03 2.398179985582828966e-01 -1.639605761531731654e-02 -5.079120025038719177e-02 7.027139663696289062e-01 -7.077728509902954102e-01 5.168592184782028198e-02
1.210882346574106150e-02 2.392705112695694414e-01 -1.617514934605712718e-02 -5.897312611341476440e-02 7.024393081665039062e-01 -7.066276669502258301e-01 6.146725267171859741e-02
1.564030066604805980e-02 2.392818622291088548e-01 -1.599433288953655552e-02 -6.863094121217727661e-02 7.005875110626220703e-01 -7.067157030105590820e-01 7.084767520427703857e-02
1.851859759230835289e-02 2.408356845378876177e-01 -1.601968602034842259e-02 -7.267326116561889648e-02 7.010399103164672852e-01 -7.055535316467285156e-01 7.386589050292968750e-02
2.118476973360207405e-02 2.426034539937973467e-01 -1.610869840227141525e-02 -7.480309158563613892e-02 7.011536955833435059e-01 -7.048336863517761230e-01 7.744450867176055908e-02
2.534809694542074221e-02 2.449412561953068224e-01 -1.625926062691268603e-02 -7.238834351301193237e-02 7.018492221832275391e-01 -7.049048542976379395e-01 7.264006137847900391e-02
3.210092154105005646e-02 2.476484991610050646e-01 -1.626757002820172771e-02 -5.946205556392669678e-02 7.036946415901184082e-01 -7.054321765899658203e-01 6.036107242107391357e-02
3.962986601757946536e-02 2.509798027575016466e-01 -1.661370982570187227e-02 -4.703740775585174561e-02 7.039905786514282227e-01 -7.070142626762390137e-01 4.811961203813552856e-02
4.758685717084966404e-02 2.541100375354290453e-01 -1.639806414492145370e-02 -2.563051506876945496e-02 7.055069208145141602e-01 -7.074924707412719727e-01 3.252138197422027588e-02
5.548709558332166891e-02 2.585101529955864397e-01 -1.617579465850754739e-02 -1.158658135682344437e-02 7.057662010192871094e-01 -7.081294059753417969e-01 1.768122240900993347e-02
6.393247748754406212e-02 2.623698517680168596e-01 -1.565098747181398187e-02 1.199311483651399612e-02 7.066743373870849609e-01 -7.074364423751831055e-01 1.084253308363258839e-03
7.216276450208282400e-02 2.666572436690330949e-01 -1.667791194016521317e-02 -2.003869228065013885e-02 -7.064814567565917969e-01 7.070214748382568359e-01 2.456340938806533813e-02
7.631770938649896918e-02 2.711227547377348390e-01 -1.635070969196705803e-02 -2.929174713790416718e-02 -7.082518339157104492e-01 7.048731446266174316e-01 2.598993852734565735e-02
7.863639481154972855e-02 2.758593030273914781e-01 -1.640498972153980883e-02 -2.043801173567771912e-02 -7.067421078681945801e-01 7.068295478820800781e-01 2.212697081267833710e-02
7.978506362677086072e-02 2.793228320777416673e-01 -1.676017462066903274e-02 -1.200069393962621689e-02 -7.057620286941528320e-01 7.080675363540649414e-01 1.991981267929077148e-02
8.127898994177708281e-02 2.844404011964798418e-01 -1.762873472628112559e-02 3.890248481184244156e-04 -7.051804065704345703e-01 7.090067267417907715e-01 5.456991493701934814e-03
8.158737716835375020e-02 2.900779901072383371e-01 -1.810131686170218801e-02 -1.272770017385482788e-02 7.005054950714111328e-01 -7.134813666343688965e-01 8.628509007394313812e-03
8.325422556859675416e-02 2.926425325684249845e-01 -1.834149822193076318e-02 -2.007669582962989807e-02 6.987598538398742676e-01 -7.149705886840820312e-01 1.218986976891756058e-02
8.305943830279162443e-02 2.932955745607614961e-01 -1.841535945424666032e-02 -2.724090218544006348e-02 6.994397044181823730e-01 -7.140865921974182129e-01 1.106459274888038635e-02
8.258689845804902119e-02 2.937126152217388597e-01 -1.834521552757778506e-02 -2.719639800488948822e-02 6.971106529235839844e-01 -7.163346409797668457e-01 1.271948963403701782e-02
8.279150435967143340e-02 2.934597406536341158e-01 -1.844967485308990351e-02 -2.423094958066940308e-02 6.974714398384094238e-01 -7.161433696746826172e-01 9.213159792125225067e-03
8.227055878431756286e-02 2.938634703867137876e-01 -1.853498797372843399e-02 -2.826033160090446472e-02 6.965040564537048340e-01 -7.168826460838317871e-01 1.277268398553133011e-02
8.243160168791398290e-02 2.939461038447916952e-01 -1.864007288635127768e-02 -2.719169855117797852e-02 6.986742019653320312e-01 -7.148486375808715820e-01 1.033070869743824005e-02
8.278649786318249826e-02 2.932379289530218092e-01 -1.846330347412622475e-02 -2.413630485534667969e-02 6.989939212799072266e-01 -7.146620750427246094e-01 9.131803177297115326e-03
8.227907990612749745e-02 2.940508706495166269e-01 -1.845135410795556430e-02 -2.359140850603580475e-02 6.982399225234985352e-01 -7.153893709182739258e-01 1.105283293873071671e-02
8.237722487342415134e-02 2.930686186999083009e-01 -1.853633272732346793e-02 -2.370779216289520264e-02 6.997194886207580566e-01 -7.139942646026611328e-01 6.505168043076992035e-03
8.246386677617802141e-02 2.930450175888836828e-01 -1.841624778344486124e-02 -2.407366223633289337e-02 7.001084685325622559e-01 -7.136037349700927734e-01 6.189769599586725235e-03
8.230295704322877770e-02 2.923303243704140630e-01 -1.838913698409394559e-02 -1.988130062818527222e-02 7.011226415634155273e-01 -7.127485871315002441e-01 4.581460729241371155e-03
8.218252578818265042e-02 2.929687916301191297e-01 -1.843021124317739678e-02 -1.769459061324596405e-02 6.986453533172607422e-01 -7.152230739593505859e-01 6.120742298662662506e-03
8.251179381230112908e-02 2.919336377643049207e-01 -1.800155427595434565e-02 -1.487849093973636627e-02 7.011548280715942383e-01 -7.128390073776245117e-01 4.625138361006975174e-03
8.277802713026595482e-02 2.922881652601063696e-01 -1.815774803587866248e-02 -1.530156470835208893e-02 7.006576061248779297e-01 -7.133121490478515625e-01 5.538073368370532990e-03
8.265257498190416163e-02 2.921311018988490549e-01 -1.792074196326653990e-02 -1.430280413478612900e-02 7.001799941062927246e-01 -7.137969732284545898e-01 6.104872096329927444e-03
8.280612433719704291e-02 2.917059740982950178e-01 -1.795116909414551376e-02 -1.384458877146244049e-02 7.020728588104248047e-01 -7.119596600532531738e-01 3.894961671903729439e-03
8.272745467723464918e-02 2.920849320478737798e-01 -1.791987387960591871e-02 -1.273268461227416992e-02 6.998816728591918945e-01 -7.141309976577758789e-01 4.536760970950126648e-03
8.251055568520394845e-02 2.923254465684295145e-01 -1.830123400930017130e-02 -1.483458839356899261e-02 6.990755796432495117e-01 -7.148658633232116699e-01 6.329496856778860092e-03
8.280522813473424615e-02 2.914791239425540414e-01 -1.832698037189456342e-02 -1.355555281043052673e-02 6.986274123191833496e-01 -7.153529524803161621e-01 2.492083236575126648e-03
8.301411529270009970e-02 2.920929423533380476e-01 -1.815578343140861195e-02 -1.236597448587417603e-02 7.014908790588378906e-01 -7.125597596168518066e-01 4.009156953543424606e-03
8.267108390224532644e-02 2.921068833209574667e-01 -1.833135487018594523e-02 -1.379803661257028580e-02 7.002044320106506348e-01 -7.137952446937561035e-01 4.455471877008676529e-03
8.256978063108889876e-02 2.916309416294098344e-01 -1.817673823763776841e-02 -1.091729290783405304e-02 6.981679797172546387e-01 -7.158456444740295410e-01 2.672908827662467957e-03
8.279396981624577434e-02 2.917815043590963331e-01 -1.831188023770302653e-02 -1.359183341264724731e-02 7.017506957054138184e-01 -7.122921347618103027e-01 1.149213407188653946e-03
8.287010923391359418e-02 2.920389316976070848e-01 -1.802333993655008682e-02 -1.397554017603397369e-02 7.014179825782775879e-01 -7.126107811927795410e-01 1.926571363583207130e-03
8.283571881410624338e-02 2.922922928817570654e-01 -1.804589638975095944e-02 -1.554533280432224274e-02 7.007195949554443359e-01 -7.132536172866821289e-01 4.468178842216730118e-03
8.280477823389954806e-02 2.916122839786112753e-01 -1.800968162205868195e-02 -1.559055037796497345e-02 7.014475464820861816e-01 -7.125334739685058594e-01 4.888975061476230621e-03
8.307671269524231905e-02 2.919301741756499258e-01 -1.827664434175191310e-02 -1.528871152549982071e-02 7.002177238464355469e-01 -7.137580513954162598e-01 3.270359011366963387e-03
8.296301015708042181e-02 2.919624556787312475e-01 -1.821368544388901611e-02 -1.577899046242237091e-02 7.001475691795349121e-01 -7.138157486915588379e-01 3.393117105588316917e-03
8.317971839115735622e-02 2.915517279878259149e-01 -1.795339070446744234e-02 -1.482568494975566864e-02 7.015091180801391602e-01 -7.125018835067749023e-01 2.535513136535882950e-03
8.295826280347230741e-02 2.922769027762115446e-01 -1.822161449620046669e-02 -1.730323955416679382e-02 7.014933228492736816e-01 -7.124440073966979980e-01 5.609718617051839828e-03
8.325187888584274776e-02 2.919573310762644258e-01 -1.822002882070844487e-02 -1.625455543398857117e-02 7.007417082786560059e-01 -7.132204771041870117e-01 3.687776857987046242e-03
8.291359844820279934e-02 2.921744694001973119e-01 -1.833042694971426245e-02 -1.614910550415515900e-02 7.006943225860595703e-01 -7.132641077041625977e-01 4.628963768482208252e-03
8.275758903514553178e-02 2.919579024426639524e-01 -1.800829997659519899e-02 -1.433311402797698975e-02 7.005313634872436523e-01 -7.134701609611511230e-01 3.281242679804563522e-03
8.282056975319886105e-02 2.918374707922339883e-01 -1.806828637964297268e-02 -1.461408101022243500e-02 7.001112699508666992e-01 -7.138662934303283691e-01 5.041453521698713303e-03
8.277746925323094251e-02 2.918900504708290544e-01 -1.819190169537182600e-02 -1.544628385454416275e-02 6.997413635253906250e-01 -7.142122983932495117e-01 4.910902120172977448e-03
8.284778515449388314e-02 2.918362423777580705e-01 -1.829960761778259837e-02 -1.464583072811365128e-02 7.007063627243041992e-01 -7.132892012596130371e-01 3.831340232864022255e-03
8.291092243803778461e-02 2.921039859764278379e-01 -1.835654639257588983e-02 -1.424163207411766052e-02 7.007336616516113281e-01 -7.132713794708251953e-01 3.658125642687082291e-03
8.276020925760697866e-02 2.921904779039323774e-01 -1.822366784361018066e-02 -1.392057444900274277e-02 7.001340389251708984e-01 -7.138660550117492676e-01 3.723079338669776917e-03
8.297221872736583459e-02 2.919806760735810247e-01 -1.847887397964048661e-02 -1.565429940819740295e-02 7.007104158401489258e-01 -7.132607102394104004e-01 4.359215497970581055e-03
8.279790734835147659e-02 2.922077408991754499e-01 -1.832518627984081050e-02 -1.478691771626472473e-02 7.011603116989135742e-01 -7.128283381462097168e-01 5.591460969299077988e-03
8.291145871983275628e-02 2.921069438569248167e-01 -1.827694779986493989e-02 -1.545027550309896469e-02 7.005513906478881836e-01 -7.134208083152770996e-01 4.428742919117212296e-03
8.292827781263868714e-02 2.919321178458631483e-01 -1.813901146571517131e-02 -1.545921340584754944e-02 7.006181478500366211e-01 -7.133561968803405762e-01 4.255185835063457489e-03
8.299513847549079559e-02 2.918345604091883150e-01 -1.809979552202956032e-02 -1.488959044218063354e-02 7.005262374877929688e-01 -7.134607434272766113e-01 3.911979962140321732e-03
8.300963248078276069e-02 2.920715996995568720e-01 -1.802772781939132596e-02 -1.761040277779102325e-02 7.001228332519531250e-01 -7.137979865074157715e-01 3.236425574868917465e-03
8.288719646761701088e-02 2.921347345225513426e-01 -1.858116579540602942e-02 -1.728130504488945007e-02 7.006523013114929199e-01 -7.132504582405090332e-01 7.844794541597366333e-03
8.262772605899983136e-02 2.920734232291579691e-01 -1.837541377140711196e-02 -1.501894369721412659e-02 7.010753154754638672e-01 -7.128987908363342285e-01 6.562851835042238235e-03
8.314608740395891540e-02 2.918385092169046846e-01 -1.827764345903065690e-02 -1.659754849970340729e-02 7.016322612762451172e-01 -7.123288512229919434e-01 4.959366749972105026e-03
8.271344656484426461e-02 2.917001668363810030e-01 -1.795741068090106474e-02 -1.335501950234174728e-02 7.023512721061706543e-01 -7.116951942443847656e-01 3.746478352695703506e-03
8.311939928644231090e-02 2.919262439943850485e-01 -1.808762491712340159e-02 -1.632434315979480743e-02 6.999012231826782227e-01 -7.140499353408813477e-01 2.037961967289447784e-03
8.309789042733507769e-02 2.916870333254337755e-01 -1.823544546013722290e-02 -1.477062888443470001e-02 7.008590698242187500e-01 -7.131346464157104492e-01 4.161788616329431534e-03
8.351568273930000397e-02 2.917007819749415365e-01 -1.848632073825706712e-02 -1.595498435199260712e-02 7.017303705215454102e-01 -7.122563719749450684e-01 3.254435723647475243e-03
8.341174664845875386e-02 2.919400368817151037e-01 -1.858702834070830034e-02 -1.668289676308631897e-02 7.020160555839538574e-01 -7.119613885879516602e-01 2.523817354813218117e-03
8.352801002217193072e-02 2.922603066079318967e-01 -1.836393297695582127e-02 -1.604716293513774872e-02 7.007063627243041992e-01 -7.132663726806640625e-01 2.048198366537690163e-03
8.338228354259337449e-02 2.922992535866797414e-01 -1.843121665906782836e-02 -1.900003291666507721e-02 7.007817625999450684e-01 -7.131075263023376465e-01 4.661017097532749176e-03
8.289232353752963578e-02 2.919857261702418771e-01 -1.832147864706173968e-02 -1.378886029124259949e-02 7.014283537864685059e-01 -7.125814557075500488e-01 5.979985930025577545e-03
8.286561742397959007e-02 2.916414469480514970e-01 -1.822939541866203106e-02 -1.430240646004676819e-02 7.000868916511535645e-01 -7.139121294021606445e-01 1.920715789310634136e-03
8.296276721062968706e-02 2.919552137143910375e-01 -1.833477962781515647e-02 -1.357748266309499741e-02 7.012751102447509766e-01 -7.127549648284912109e-01 3.052069805562496185e-03
8.291055351935329443e-02 2.918639757670462576e-01 -1.833428529927300099e-02 -1.633468270301818848e-02 7.012330293655395508e-01 -7.127212882041931152e-01 5.813238210976123810e-03
8.308358897960045619e-02 2.918876369483769384e-01 -1.830662832030871545e-02 -1.608063094317913055e-02 6.999137401580810547e-01 -7.140386700630187988e-01 3.330344101414084435e-03
8.302308811494808760e-02 2.921439616009593454e-01 -1.850074512139482374e-02 -1.568217016756534576e-02 7.004144787788391113e-01 -7.135491371154785156e-01 4.548241849988698959e-03
8.285744182601074981e-02 2.918843349441886392e-01 -1.821556422977488321e-02 -1.576682925224304199e-02 7.013233900070190430e-01 -7.126607298851013184e-01 3.396159736439585686e-03
8.301199715957009728e-02 2.916713223792612997e-01 -1.840019554661181944e-02 -1.517957728356122971e-02 6.999205350875854492e-01 -7.140511870384216309e-01 3.362702438607811928e-03
8.307440200455508406e-02 2.921945035457611528e-01 -1.830823795302016777e-02 -1.432479545474052429e-02 7.017549276351928711e-01 -7.122636437416076660e-01 3.889975603669881821e-03
8.302940112346114676e-02 2.920678576454520670e-01 -1.839817942849614196e-02 -1.804585754871368408e-02 7.009392380714416504e-01 -7.129650115966796875e-01 6.276823114603757858e-03
8.279781016977107166e-02 2.916141098365188089e-01 -1.793498919795061264e-02 -1.456057280302047729e-02 7.010537981986999512e-01 -7.129485607147216797e-01 3.973125945776700974e-03
8.294504831615436002e-02 2.919735314324498621e-01 -1.823369174668337811e-02 -1.361605059355497360e-02 7.002553939819335938e-01 -7.137551307678222656e-01 3.251034766435623169e-03
8.303545858830009563e-02 2.920217464677989927e-01 -1.843938798297878323e-02 -1.604374684393405914e-02 7.002180814743041992e-01 -7.137359976768493652e-01 4.265116062015295029e-03
8.301761732079772360e-02 2.920947179198265520e-01 -1.840001772330684959e-02 -1.555775664746761322e-02 7.014225125312805176e-01 -7.125602364540100098e-01 4.734449554234743118e-03
8.301364379662524995e-02 2.917972134426236597e-01 -1.818343084998014225e-02 -1.396409235894680023e-02 7.000390291213989258e-01 -7.139626741409301758e-01 2.822737442329525948e-03
8.319786919043405116e-02 2.917673184536397901e-01 -1.826045117348240598e-02 -1.556829549372196198e-02 7.011368274688720703e-01 -7.128526568412780762e-01 2.457462251186370850e-03
8.314170357022522551e-02 2.918745863251388517e-01 -1.811990800142088132e-02 -1.598477177321910858e-02 7.011062502861022949e-01 -7.128747701644897461e-01 2.061635255813598633e-03
8.290819064016920203e-02 2.919663076288998571e-01 -1.825547785717995808e-02 -1.450338680297136307e-02 7.013465166091918945e-01 -7.126615643501281738e-01 4.031199961900711060e-03
8.298564376827445577e-02 2.916286855004728285e-01 -1.811849148864275172e-02 -1.387448143213987350e-02 7.008026838302612305e-01 -7.132122516632080078e-01 3.327828366309404373e-03
8.290949175338326038e-02 2.919538525864482370e-01 -1.784659290689161182e-02 -1.620836928486824036e-02 7.009859085083007812e-01 -7.129877209663391113e-01 2.106214407831430435e-03
8.297491633277100098e-02 2.918161295354366747e-01 -1.826709879574128781e-02 -1.433480530977249146e-02 7.002567052841186523e-01 -7.137342095375061035e-01 4.363972228020429611e-03
8.289279863281119598e-02 2.918567542918026891e-01 -1.830716336487642204e-02 -1.555119082331657410e-02 7.011218070983886719e-01 -7.128506302833557129e-01 5.511341616511344910e-03
8.304227728535142072e-02 2.920859271660447565e-01 -1.802606757283592431e-02 -1.822958886623382568e-02 6.999825835227966309e-01 -7.139157652854919434e-01 4.031215794384479523e-03
8.290718826110944628e-02 2.919254891574383226e-01 -1.837568911071796318e-02 -1.586704701185226440e-02 7.001493573188781738e-01 -7.137988805770874023e-01 5.531053524464368820e-03
8.284447388435024762e-02 2.919852800667286363e-01 -1.847066385178253167e-02 -1.524185016751289368e-02 6.999297142028808594e-01 -7.140328884124755859e-01 4.821947775781154633e-03
8.266950205091040671e-02 2.919681404717267004e-01 -1.813168820487770505e-02 -1.452415902167558670e-02 7.006096243858337402e-01 -7.133866548538208008e-01 3.849231405183672905e-03
8.297288638020462737e-02 2.914761744439602342e-01 -1.812522796631649280e-02 -1.430901885032653809e-02 7.002626657485961914e-01 -7.137320041656494141e-01 3.781394567340612411e-03
8.292247589147384856e-02 2.920922000892460790e-01 -1.819191552982246662e-02 -1.660470291972160339e-02 7.017644643783569336e-01 -7.121946215629577637e-01 5.471455864608287811e-03
8.269126105488168454e-02 2.921234669163823572e-01 -1.824910591165757046e-02 -1.384657621383666992e-02 6.993117332458496094e-01 -7.146723866462707520e-01 3.875766647979617119e-03
8.276159855138466581e-02 2.920310005545616594e-01 -1.845050042112161837e-02 -1.529500074684619904e-02 6.978980898857116699e-01 -7.160181999206542969e-01 4.687858279794454575e-03
8.338190742549557444e-02 2.921620748937130418e-01 -1.811898705441217228e-02 -1.370757911354303360e-02 6.995270252227783203e-01 -7.144536375999450684e-01 5.488952156156301498e-03
8.306156543393829195e-02 2.922341234050691572e-01 -1.792715428738883565e-02 -1.332627143710851669e-02 6.993619799613952637e-01 -7.146267294883728027e-01 4.841518122702836990e-03
8.293705447812273202e-02 2.921544939279556719e-01 -1.808076460424490328e-02 -1.528247725218534470e-02 6.980088949203491211e-01 -7.159085273742675781e-01 5.000195000320672989e-03
8.286597194583734949e-02 2.918563864193857160e-01 -1.810813330924931908e-02 -1.649571396410465240e-02 6.982803344726562500e-01 -7.156227827072143555e-01 4.047446884214878082e-03
8.284093046537578664e-02 2.921641070395708528e-01 -1.825917502976465157e-02 -1.688371971249580383e-02 6.996096968650817871e-01 -7.143127918243408203e-01 4.255072679370641708e-03
8.295853274397314847e-02 2.920873604714870897e-01 -1.817324318300311825e-02 -1.519570406526327133e-02 6.983243227005004883e-01 -7.156107425689697266e-01 3.660743823274970055e-03
8.312338360823469385e-02 2.925802731886506525e-01 -1.827844383261567618e-02 -1.575831882655620575e-02 6.983433961868286133e-01 -7.155579328536987305e-01 6.722755264490842819e-03
8.244829660808940253e-02 2.921505204401910749e-01 -1.809757784833992966e-02 -1.420652307569980621e-02 6.990558505058288574e-01 -7.149132490158081055e-01 4.260227549821138382e-03
8.247208556462705398e-02 2.921466759406030622e-01 -1.828357551401188497e-02 -1.818801090121269226e-02 6.998094320297241211e-01 -7.140585184097290039e-01 7.524120621383190155e-03
8.264438498710859060e-02 2.925132296048105207e-01 -1.837439159671055977e-02 -1.487266644835472107e-02 7.001849412918090820e-01 -7.137837409973144531e-01 5.732411518692970276e-03
8.267897696248995010e-02 2.924450754188001600e-01 -1.839846995196015023e-02 -1.582197658717632294e-02 7.000011205673217773e-01 -7.139465808868408203e-01 5.336294881999492645e-03
8.255708083032588240e-02 2.928007922135293928e-01 -1.840764680423673250e-02 -1.797220297157764435e-02 7.002976536750793457e-01 -7.135806083679199219e-01 7.908302359282970428e-03
8.267514380737796265e-02 2.925332427956164327e-01 -1.830441233374718868e-02 -1.575060002505779266e-02 7.008257508277893066e-01 -7.131425738334655762e-01 4.745943471789360046e-03
8.263767426625757972e-02 2.920887625776231733e-01 -1.824661638538854769e-02 -1.510225050151348114e-02 7.013947963714599609e-01 -7.126016020774841309e-01 4.062302876263856888e-03
8.247039573709182003e-02 2.917635787278414217e-01 -1.824189310147505960e-02 -1.578631065785884857e-02 6.997950673103332520e-01 -7.141559720039367676e-01 4.339687060564756393e-03
8.250498771247317953e-02 2.917488899081945863e-01 -1.841193627127035715e-02 -1.621320843696594238e-02 6.992453932762145996e-01 -7.146815657615661621e-01 4.826520569622516632e-03
8.239581837512212348e-02 2.916584412567317930e-01 -1.827119424303991213e-02 -1.241796370595693588e-02 7.006791234016418457e-01 -7.133609056472778320e-01 3.270404879003763199e-03
8.219882659522682877e-02 2.922071150504053083e-01 -1.845334042014090681e-02 -1.441917102783918381e-02 6.988846063613891602e-01 -7.150764465332031250e-01 4.222319927066564560e-03
8.237575459749614526e-02 2.924421538598835912e-01 -1.833168610967550460e-02 -1.571703702211380005e-02 6.997321844100952148e-01 -7.142171263694763184e-01 4.645341075956821442e-03
8.227867319577299166e-02 2.923862852156162706e-01 -1.811908063378581124e-02 -1.500122062861919403e-02 7.015756964683532715e-01 -7.124144434928894043e-01 5.663256160914897919e-03
8.282390981699595811e-02 2.919181000441313234e-01 -1.846102978778263459e-02 -1.487269066274166107e-02 7.006243467330932617e-01 -7.133694291114807129e-01 2.941521350294351578e-03
8.279276408200865467e-02 2.920404888689518419e-01 -1.844356789915913009e-02 -1.456221193075180054e-02 7.010590434074401855e-01 -7.129405736923217773e-01 4.481939598917961121e-03
8.259597385768736866e-02 2.921706919558346716e-01 -1.829084152496812665e-02 -1.633463054895401001e-02 6.992912292480468750e-01 -7.146290540695190430e-01 5.502363666892051697e-03
8.291884789114246923e-02 2.918381138704717603e-01 -1.811932864162096868e-02 -1.421442162245512009e-02 6.999496817588806152e-01 -7.140408158302307129e-01 3.738939762115478516e-03
8.305403589356809280e-02 2.918093495070934740e-01 -1.831561970096617920e-02 -1.517600566148757935e-02 7.005290389060974121e-01 -7.134456634521484375e-01 4.888698458671569824e-03
8.286632826729846413e-02 2.920337712392211404e-01 -1.835678360279097143e-02 -1.523749157786369324e-02 7.007088661193847656e-01 -7.132582068443298340e-01 6.125440821051597595e-03
8.271038004075471906e-02 2.919782131910324541e-01 -1.825735461851207830e-02 -1.454990077763795853e-02 6.994975209236145020e-01 -7.144727110862731934e-01 4.476496949791908264e-03
8.263308347813992649e-02 2.914071401581168619e-01 -1.818622698366806345e-02 -1.275893580168485641e-02 6.989632248878479004e-01 -7.150359749794006348e-01 3.331631189212203026e-03
8.257750272901633048e-02 2.918961883522570577e-01 -1.833521873102988975e-02 -1.579862274229526520e-02 6.996976137161254883e-01 -7.142515778541564941e-01 4.278285894542932510e-03
8.269243799546534268e-02 2.920296645723283735e-01 -1.814784223177462463e-02 -1.622508838772773743e-02 7.004860043525695801e-01 -7.134733796119689941e-01 3.427000716328620911e-03
8.259956586595186556e-02 2.920259309001267400e-01 -1.833239346626291955e-02 -1.657466776669025421e-02 7.002886533737182617e-01 -7.136446833610534668e-01 5.697741638869047165e-03
8.243892787310681813e-02 2.921807828359306303e-01 -1.814006873267681730e-02 -1.553955022245645523e-02 6.992277503013610840e-01 -7.147205471992492676e-01 3.653582651168107986e-03
8.247173644157936023e-02 2.918309669010341612e-01 -1.806726521722334944e-02 -1.358091086149215698e-02 7.002766132354736328e-01 -7.137305736541748047e-01 4.097776953130960464e-03
8.243588114465395800e-02 2.922673692926764932e-01 -1.820055767495698529e-02 -1.600486598908901215e-02 6.990329027175903320e-01 -7.149040102958679199e-01 3.015789669007062912e-03
8.265669787315367556e-02 2.917303929105401483e-01 -1.822298219473805769e-02 -1.348816044628620148e-02 6.988663673400878906e-01 -7.151232361793518066e-01 1.605121069587767124e-03
8.277336795722146923e-02 2.923712913878262487e-01 -1.817101909822660399e-02 -1.415094267576932907e-02 6.996648311614990234e-01 -7.143256664276123047e-01 2.760219853371381760e-03
8.277151796498895264e-02 2.919094741344452348e-01 -1.807253591797752801e-02 -1.370586734265089035e-02 6.990636587142944336e-01 -7.149219512939453125e-01 2.916565397754311562e-03
8.288422712210775922e-02 2.921222133561969247e-01 -1.817539854542715716e-02 -1.447129528969526291e-02 6.993261575698852539e-01 -7.146468758583068848e-01 3.656835993751883507e-03
8.285404417490672968e-02 2.921434251591563669e-01 -1.819928839222695327e-02 -1.285470556467771530e-02 6.982195377349853516e-01 -7.157620787620544434e-01 2.971265697851777077e-03
8.299878267225214989e-02 2.918891312554479089e-01 -1.811688837949332331e-02 -1.280397363007068634e-02 6.982810497283935547e-01 -7.157046794891357422e-01 2.520411275327205658e-03
8.301440322923427095e-02 2.919430874288082567e-01 -1.822379707762500356e-02 -1.281359698623418808e-02 6.991813182830810547e-01 -7.148168683052062988e-01 4.257646389305591583e-03
8.305703583233416121e-02 2.916488896124065366e-01 -1.834943570988284423e-02 -1.448736712336540222e-02 6.990255713462829590e-01 -7.149428129196166992e-01 3.128670156002044678e-03
8.291744420053816234e-02 2.918706626631319967e-01 -1.840279158690344419e-02 -1.396787352859973907e-02 6.992450952529907227e-01 -7.147316336631774902e-01 4.437792114913463593e-03
8.286714168800769775e-02 2.918456748127937761e-01 -1.826497863805759403e-02 -1.442903466522693634e-02 7.005856037139892578e-01 -7.134033441543579102e-01 5.237645469605922699e-03
8.290086805418307725e-02 2.919550800696015802e-01 -1.851093886203308836e-02 -1.543088536709547043e-02 7.001047134399414062e-01 -7.138533592224121094e-01 5.355775821954011917e-03
8.320621934992679380e-02 2.917503139004111734e-01 -1.836886512733182375e-02 -1.816420443356037140e-02 7.014291882514953613e-01 -7.125026583671569824e-01 2.723415615037083626e-03
8.351008417331252931e-02 2.918947978876531568e-01 -1.821040139274587855e-02 -1.882303319871425629e-02 7.025505304336547852e-01 -7.113745808601379395e-01 3.856620052829384804e-03
8.303716821147212601e-02 2.919229559600353685e-01 -1.806011561810810795e-02 -1.719772070646286011e-02 7.023081779479980469e-01 -7.116577029228210449e-01 3.246941603720188141e-03
8.294454802642615976e-02 2.922335217706859556e-01 -1.830805000694646356e-02 -1.775169558823108673e-02 7.014669775962829590e-01 -7.124648094177246094e-01 4.753679037094116211e-03
8.275612235842423614e-02 2.921263614669442621e-01 -1.822835209862627703e-02 -1.673522032797336578e-02 7.021390795707702637e-01 -7.118261456489562988e-01 4.916885867714881897e-03
8.292980027706343960e-02 2.918563645333052126e-01 -1.804960211045153473e-02 -1.572098396718502045e-02 7.012351751327514648e-01 -7.127500176429748535e-01 3.100599860772490501e-03
8.304549137691476235e-02 2.924172614701092687e-01 -1.821845169333224934e-02 -1.660545356571674347e-02 6.998034715652465820e-01 -7.141351699829101562e-01 3.281121840700507164e-03
8.287152552174138764e-02 2.926420031115413156e-01 -1.817976843223495509e-02 -1.801844686269760132e-02 6.999178528785705566e-01 -7.139837741851806641e-01 4.156979266554117203e-03
8.290776593378125503e-02 2.925557882525027242e-01 -1.811886085722802520e-02 -1.726694591343402863e-02 7.001995444297790527e-01 -7.137287259101867676e-01 3.683021990582346916e-03
8.316244759791337204e-02 2.921417362056673017e-01 -1.805225888735584316e-02 -1.813205145299434662e-02 7.001757621765136719e-01 -7.137233018875122070e-01 4.952601157128810883e-03
8.310894719024965183e-02 2.920139177702367750e-01 -1.807645376692162964e-02 -1.686092279851436615e-02 7.003415822982788086e-01 -7.136002779006958008e-01 3.420799970626831055e-03
8.309778605034147392e-02 2.919883245602250543e-01 -1.815443890276396965e-02 -1.742106117308139801e-02 7.007102370262145996e-01 -7.132197022438049316e-01 4.394853487610816956e-03
8.309018632544097616e-02 2.919975311495364156e-01 -1.806169780686867066e-02 -1.531818881630897522e-02 7.008895874023437500e-01 -7.130951285362243652e-01 3.755783662199974060e-03
8.322048480559464390e-02 2.918457544408739057e-01 -1.786070967033359658e-02 -1.486261468380689621e-02 7.006241679191589355e-01 -7.133691906929016113e-01 3.057248424738645554e-03
8.334139655473228603e-02 2.921201956458390203e-01 -1.777028848809264483e-02 -1.396099478006362915e-02 7.010212540626525879e-01 -7.129979133605957031e-01 2.906764624640345573e-03
8.338162848697795726e-02 2.923035386018455473e-01 -1.763147968374906283e-02 -1.293718907982110977e-02 7.009198069572448730e-01 -7.131122946739196777e-01 3.869230393320322037e-03
8.355307129827017898e-02 2.926362885162234750e-01 -1.778539705792481218e-02 -1.540315523743629456e-02 6.999710202217102051e-01 -7.139876484870910645e-01 4.992363508790731430e-03
8.363318783931707190e-02 2.923983509652317014e-01 -1.794985639598495331e-02 -1.419506873935461044e-02 7.003063559532165527e-01 -7.136909961700439453e-01 3.854924812912940979e-03
8.355674248908163959e-02 2.919515331275761572e-01 -1.830792504698963707e-02 -1.496956963092088699e-02 6.991226673126220703e-01 -7.148336768150329590e-01 4.056266508996486664e-03
8.367813653191415180e-02 2.918485730886459795e-01 -1.867909874693418626e-02 -1.512496359646320343e-02 6.984825730323791504e-01 -7.154655456542968750e-01 1.471329713240265846e-03
8.364930868602739322e-02 2.920417740941048113e-01 -1.887707367262858593e-02 -1.672350615262985229e-02 6.991285085678100586e-01 -7.147985696792602539e-01 1.725519075989723206e-03
8.337784572075947198e-02 2.920424344018102136e-01 -1.884033881957136725e-02 -1.708747446537017822e-02 6.990972757339477539e-01 -7.148157358169555664e-01 3.083829768002033234e-03
8.327495879866476935e-02 2.917732723988593069e-01 -1.861215204054739170e-02 1.244479045271873474e-02 -6.974186301231384277e-01 7.165554165840148926e-01 8.369438000954687595e-04
8.332609992635121865e-02 2.917995519936085191e-01 -1.854247027451100260e-02 -1.492281537503004074e-02 7.011094093322753906e-01 -7.128964662551879883e-01 1.280516386032104492e-03
8.322870899285374213e-02 2.917369317263365236e-01 -1.847119687179649139e-02 -1.353301294147968292e-02 6.996527314186096191e-01 -7.143549323081970215e-01 9.743587725097313523e-05
8.323410960247391854e-02 2.916905863210559335e-01 -1.843915785870181567e-02 -1.522255688905715942e-02 7.004555463790893555e-01 -7.135320901870727539e-01 1.504845684394240379e-03
8.317166336661220571e-02 2.916078541427851167e-01 -1.825317672688547832e-02 -1.365544181317090988e-02 7.017121315002441406e-01 -7.123283147811889648e-01 1.425399561412632465e-03
8.314453614588081243e-02 2.913960839621723142e-01 -1.845213648550714236e-02 -1.300696842372417450e-02 7.000539898872375488e-01 -7.139698266983032227e-01 1.471020397730171680e-03
8.314576707456457216e-02 2.913309495896101442e-01 -1.824856085679626982e-02 -1.398534234613180161e-02 7.004809379577636719e-01 -7.135322093963623047e-01 1.716196071356534958e-03
8.336521430492339901e-02 2.909457494504750219e-01 -1.811118689868990161e-02 -1.230882387608289719e-02 7.010747194290161133e-01 -7.129812240600585938e-01 6.967920344322919846e-04
8.328870236936437854e-02 2.914788138121366945e-01 -1.827344577176737150e-02 -1.250426471233367920e-02 6.991962194442749023e-01 -7.148169875144958496e-01 2.062479732558131218e-03
8.320517378038684575e-02 2.918507076799869981e-01 -1.815462392448224938e-02 -1.533520501106977463e-02 6.990396976470947266e-01 -7.149108648300170898e-01 3.295144531875848770e-03
8.328966515715076346e-02 2.919436676427722421e-01 -1.832898681714228983e-02 -1.296090427786111832e-02 6.994377374649047852e-01 -7.145717740058898926e-01 2.362236147746443748e-03
8.322532213936974232e-02 2.914835137315094915e-01 -1.802481943544514964e-02 -1.421461161226034164e-02 7.008284926414489746e-01 -7.131822109222412109e-01 2.904885448515415192e-03
8.344391275853925427e-02 2.915452278219163862e-01 -1.805369688289887309e-02 -1.272440049797296524e-02 6.995620131492614746e-01 -7.144585251808166504e-01 1.150931420852430165e-04
8.326135019821569172e-02 2.919342468492687193e-01 -1.836835415245879899e-02 -1.477172598242759705e-02 7.006192207336425781e-01 -7.133768200874328613e-01 2.726300386711955070e-03
8.313052803349031683e-02 2.912332510575652567e-01 -1.800575612480037613e-02 -1.142553612589836121e-02 7.010256648063659668e-01 -7.130393981933593750e-01 2.728239400312304497e-03
8.307359938146587075e-02 2.914321182295680490e-01 -1.777338852979437611e-02 -1.021595206111669540e-02 6.998712420463562012e-01 -7.141935825347900391e-01 1.858509262092411518e-03
8.293619966653666131e-02 2.920073016546667066e-01 -1.826318274640048589e-02 -1.458524540066719055e-02 6.998297572135925293e-01 -7.141409516334533691e-01 5.298923701047897339e-03
8.296869330442492585e-02 2.920148737728596178e-01 -1.829456254229705481e-02 -1.678489707410335541e-02 7.001226544380187988e-01 -7.138009071350097656e-01 5.835366901010274887e-03
8.329502437589421382e-02 2.912446704693139043e-01 -1.788032399702571551e-02 -1.331653073430061340e-02 7.011951804161071777e-01 -7.128424644470214844e-01 1.844841171987354755e-03
8.296453082190181905e-02 2.916792782023549524e-01 -1.813599443071739481e-02 -1.334836147725582123e-02 7.004458308219909668e-01 -7.135727405548095703e-01 3.358005313202738762e-03
8.325834845984626809e-02 2.911917955614626852e-01 -1.824335314215896897e-02 -1.255163643509149551e-02 7.004609107971191406e-01 -7.135759592056274414e-01 2.432836452499032021e-03
8.293763395039789599e-02 2.913094942457974401e-01 -1.814955342959956308e-02 -1.209388766437768936e-02 6.996508240699768066e-01 -7.143753170967102051e-01 3.203634172677993774e-03
8.309206151212024383e-02 2.904421651735902277e-01 -1.767840704021728104e-02 9.145807474851608276e-03 -7.031691670417785645e-01 7.109637856483459473e-01 1.753659162204712629e-04
8.371837926177984335e-02 2.914268907159567323e-01 -1.746673398380760300e-02 -1.313667185604572296e-02 7.026271820068359375e-01 -7.114275693893432617e-01 3.702055430039763451e-03
8.270425419098893782e-02 2.918844271451235262e-01 -1.786326353242201348e-02 -1.313596405088901520e-02 7.001017332077026367e-01 -7.138905525207519531e-01 6.707873195409774780e-03
8.267881679779277848e-02 2.916020277887583223e-01 -1.795460948582877636e-02 -1.016022171825170517e-02 7.000910043716430664e-01 -7.139587402343750000e-01 5.679149646311998367e-03
8.296569336565885744e-02 2.910684349015355554e-01 -1.798411668197591462e-02 -9.653143584728240967e-03 7.001594901084899902e-01 -7.139139175415039062e-01 3.223213367164134979e-03
8.305200234179511976e-02 2.916020799428225008e-01 -1.827022965565022750e-02 -1.433279644697904587e-02 6.984308362007141113e-01 -7.155268788337707520e-01 3.209133632481098175e-03
8.287851518110990467e-02 2.920920827426016775e-01 -1.832297884139522104e-02 -1.374937873333692551e-02 6.969634294509887695e-01 -7.169660329818725586e-01 3.575926879420876503e-03
8.283280345669709333e-02 2.921152326278388944e-01 -1.829540295705633923e-02 -1.479796506464481354e-02 6.968517303466796875e-01 -7.170568704605102539e-01 2.848672447726130486e-03
8.314429319943007768e-02 2.916755878366530386e-01 -1.808289747162716843e-02 -1.719365268945693970e-02 6.985427141189575195e-01 -7.153560519218444824e-01 2.887104870751500130e-03
8.304381594620614815e-02 2.914693227037787882e-01 -1.819147822621114408e-02 -1.633161492645740509e-02 6.981222629547119141e-01 -7.157806158065795898e-01 4.108907654881477356e-03
8.288556242778523375e-02 2.913885267451405969e-01 -1.842829095393955230e-02 -1.651571132242679596e-02 6.990576386451721191e-01 -7.148640155792236328e-01 3.916689660400152206e-03
8.335706930021126448e-02 2.914119695313275304e-01 -1.855406016991467677e-02 -1.621866598725318909e-02 6.990627050399780273e-01 -7.148737907409667969e-01 1.962092239409685135e-03
8.319210686054269444e-02 2.915449819527566877e-01 -1.861510406487448810e-02 -1.626423560082912445e-02 6.982408761978149414e-01 -7.156771421432495117e-01 1.197436009533703327e-03
8.325635449934666588e-02 2.913103445433080640e-01 -1.819519699403587820e-02 -1.430139970034360886e-02 6.997779607772827148e-01 -7.142152190208435059e-01 1.725903362967073917e-03
8.224001951565552970e-02 2.899640660732984987e-01 -1.796684622615762894e-02 -1.406897045671939850e-02 7.000553607940673828e-01 -7.139283418655395508e-01 5.544269923120737076e-03
8.078950863120161474e-02 2.884866876527667490e-01 -1.809274231416813095e-02 -2.147005684673786163e-02 6.993871927261352539e-01 -7.144083380699157715e-01 4.134723450988531113e-03
7.903531198389403267e-02 2.864081703126430956e-01 -1.784933758317153174e-02 -1.926694251596927643e-02 7.015913724899291992e-01 -7.123135924339294434e-01 2.657683333382010460e-03
7.842042171543674167e-02 2.858250161632895914e-01 -1.807641738119164510e-02 -2.027470059692859650e-02 7.021785974502563477e-01 -7.117037773132324219e-01 3.446747781708836555e-03
7.837516619047037170e-02 2.859768040478229967e-01 -1.827854809713413964e-02 -2.275389060378074646e-02 7.015349268913269043e-01 -7.122680544853210449e-01 2.360038459300994873e-03
7.744161475997447808e-02 2.870460527017713037e-01 -1.847489820596387444e-02 -2.682439424097537994e-02 7.008062005043029785e-01 -7.128012776374816895e-01 8.083045482635498047e-03
7.703408108684318967e-02 2.870607228949666467e-01 -1.860697351322671000e-02 -2.618091180920600891e-02 6.991146802902221680e-01 -7.144908905029296875e-01 7.453419268131256104e-03
7.729949918449564861e-02 2.871344957500696626e-01 -1.857007230933582775e-02 -2.620694413781166077e-02 6.992360353469848633e-01 -7.143305540084838867e-01 1.067384332418441772e-02
7.734575438911674150e-02 2.870109548792243448e-01 -1.878901677551181315e-02 -2.935849688947200775e-02 6.986035704612731934e-01 -7.148752808570861816e-01 6.661647465080022812e-03
7.737786561129535168e-02 2.871010743081570116e-01 -1.822955153425170893e-02 -2.439167536795139313e-02 7.012812495231628418e-01 -7.123824954032897949e-01 1.098232436925172806e-02
7.759413564195917490e-02 2.871033607050776926e-01 -1.807321667417810529e-02 -2.519913017749786377e-02 7.002290487289428711e-01 -7.133776545524597168e-01 1.167169958353042603e-02
7.753568272590662114e-02 2.869536282494664636e-01 -1.797652466162730223e-02 -2.459407597780227661e-02 7.019355297088623047e-01 -7.117344737052917480e-01 1.075721159577369690e-02
7.758704070579537648e-02 2.868838880211115328e-01 -1.797879941648539148e-02 -2.352806553244590759e-02 7.011682987213134766e-01 -7.125285267829895020e-01 1.060348562896251678e-02
7.740812594143987868e-02 2.870315613225102869e-01 -1.789647498709195927e-02 -2.422325313091278076e-02 7.011841535568237305e-01 -7.124705910682678223e-01 1.180682890117168427e-02
7.777662621814919464e-02 2.871396329253912416e-01 -1.795053985159050791e-02 -2.483306452631950378e-02 7.008188366889953613e-01 -7.127895355224609375e-01 1.293545402586460114e-02
7.796592379396884154e-02 2.871316393837333170e-01 -1.794766931555208389e-02 -2.527089230716228485e-02 7.016574144363403320e-01 -7.119793295860290527e-01 1.112616434693336487e-02
7.795451880780825127e-02 2.871099134907126871e-01 -1.796771492843191043e-02 -2.481337450444698334e-02 6.987859010696411133e-01 -7.148571014404296875e-01 7.855880074203014374e-03
7.796111165464049420e-02 2.871565867215395418e-01 -1.818288005888324399e-02 -2.401165664196014404e-02 7.007543444633483887e-01 -7.129305601119995117e-01 9.825211018323898315e-03
7.787111349165933005e-02 2.871933665126562563e-01 -1.824444302693112308e-02 -2.379384636878967285e-02 7.021062374114990234e-01 -7.115995287895202637e-01 1.033527217805385590e-02
7.782165229368988302e-02 2.871670696884394136e-01 -1.792998658185634975e-02 -2.913885936141014099e-02 7.009636759757995605e-01 -7.125635147094726562e-01 7.349001709371805191e-03
7.793570935370942865e-02 2.873385019600391832e-01 -1.793103170149545900e-02 -2.579892240464687347e-02 6.977294087409973145e-01 -7.158180475234985352e-01 1.060765702277421951e-02
7.772468606658035351e-02 2.874408496543765512e-01 -1.808799254234300102e-02 -2.600239217281341553e-02 6.972539424896240234e-01 -7.162734270095825195e-01 1.063777506351470947e-02
7.737061860864936913e-02 2.877340169623494592e-01 -1.829674017481242032e-02 -2.694255486130714417e-02 6.991513371467590332e-01 -7.143689990043640137e-01 1.176220737397670746e-02
7.793209934941149053e-02 2.872031640261412111e-01 -1.827021419030905314e-02 -2.736154198646545410e-02 7.004221081733703613e-01 -7.131529450416564941e-01 8.541540242731571198e-03
7.774608425008212864e-02 2.870273936539888826e-01 -1.823893399120973813e-02 -2.552638202905654907e-02 6.995486021041870117e-01 -7.140958309173583984e-01 6.884881295263767242e-03
7.770390874623046840e-02 2.868377316743135896e-01 -1.819913632574482465e-02 -2.403146401047706604e-02 7.029658555984497070e-01 -7.107810378074645996e-01 7.185573689639568329e-03
7.750379735394709313e-02 2.864604864269495454e-01 -1.839796094540324667e-02 -2.396734058856964111e-02 6.996138691902160645e-01 -7.141157984733581543e-01 2.077630721032619476e-03
7.795242676892667755e-02 2.859891291707754579e-01 -1.790050306174062467e-02 -2.388257160782814026e-02 7.014765739440917969e-01 -7.122911214828491211e-01 1.117917010560631752e-03
7.744947092835065272e-02 2.862896781414747682e-01 -1.794870987994523492e-02 -2.462493628263473511e-02 7.025550603866577148e-01 -7.111944556236267090e-01 3.583319019526243210e-03
7.734523250414850060e-02 2.867093050852418390e-01 -1.849478399157211683e-02 -2.601217292249202728e-02 6.981985569000244141e-01 -7.154119610786437988e-01 5.300784949213266373e-03
7.717511420091373309e-02 2.868692997843027559e-01 -1.857609535676091328e-02 -2.434938959777355194e-02 6.994622945785522461e-01 -7.142344713211059570e-01 5.346246529370546341e-03
7.780354558469494697e-02 2.866269482299685922e-01 -1.882662966628562140e-02 -2.456358820199966431e-02 7.011656165122985840e-01 -7.125601768493652344e-01 4.563427530229091644e-03
7.741959211411399144e-02 2.867502814158797708e-01 -1.835009307123997013e-02 -2.379738911986351013e-02 7.018994688987731934e-01 -7.118687629699707031e-01 3.691358957439661026e-03
7.750033581692462870e-02 2.867344330996275392e-01 -1.827730873280963841e-02 -2.109228819608688354e-02 7.023568153381347656e-01 -7.114961743354797363e-01 4.787748213857412338e-03
7.754585498378009645e-02 2.869460873305798021e-01 -1.832908928205739807e-02 -2.319818176329135895e-02 7.002621889114379883e-01 -7.134802341461181641e-01 6.345293950289487839e-03
7.765789018944836697e-02 2.869235903024673906e-01 -1.834176956837169081e-02 -2.609638869762420654e-02 7.016819119453430176e-01 -7.119742035865783691e-01 7.352171000093221664e-03
7.744961309701449415e-02 2.868052555248141733e-01 -1.806433281982011696e-02 -2.365448512136936188e-02 7.030014395713806152e-01 -7.107642292976379395e-01 6.631310097873210907e-03
7.736214967533629194e-02 2.870940921828151193e-01 -1.845449981459201805e-02 -2.605697140097618103e-02 7.000529170036315918e-01 -7.135857343673706055e-01 6.481235381215810776e-03
7.745696627625743569e-02 2.872323060408235040e-01 -1.823485333440105771e-02 -2.203544788062572479e-02 7.025301456451416016e-01 -7.112653851509094238e-01 8.182155899703502655e-03
7.759331952184501946e-02 2.869446428492665735e-01 -1.827384258430359010e-02 -2.353254333138465881e-02 7.011120319366455078e-01 -7.126191258430480957e-01 7.865481078624725342e-03
7.775181778632002383e-02 2.872917877510190454e-01 -1.844106678794360521e-02 -2.652669325470924377e-02 7.025080919265747070e-01 -7.111399769783020020e-01 7.661292795091867447e-03
7.751322097683145673e-02 2.870839174836874452e-01 -1.814458067567314981e-02 -2.363107539713382721e-02 7.027452588081359863e-01 -7.109984159469604492e-01 8.480885997414588928e-03
7.725919256871140173e-02 2.866837235167623010e-01 -1.777780363163611321e-02 -2.022136561572551727e-02 7.042775154113769531e-01 -7.095934152603149414e-01 7.839263416826725006e-03
7.736566160125225855e-02 2.871604666113853899e-01 -1.792006739320245456e-02 -2.326266467571258545e-02 7.028506994247436523e-01 -7.108954191207885742e-01 9.322769939899444580e-03
7.722933624951645870e-02 2.869875228032470194e-01 -1.789630509328926644e-02 -2.214122191071510315e-02 7.037903070449829102e-01 -7.100030779838562012e-01 9.212771430611610413e-03
7.707504545764788662e-02 2.869454959407449213e-01 -1.796583344314101049e-02 -1.990763843059539795e-02 7.041289210319519043e-01 -7.097439169883728027e-01 8.347896859049797058e-03
7.709575079386422891e-02 2.870781442150474039e-01 -1.805197567478039611e-02 -2.392146550118923187e-02 7.020993232727050781e-01 -7.116158008575439453e-01 9.351049549877643585e-03
7.681378264410511358e-02 2.871013062074780908e-01 -1.803654716921709866e-02 -2.174893394112586975e-02 7.038226723670959473e-01 -7.099475264549255371e-01 1.162814162671566010e-02
7.679445850345147095e-02 2.870333885774016824e-01 -1.818956136746713304e-02 -2.651106193661689758e-02 6.997811794281005859e-01 -7.137774825096130371e-01 1.119362469762563705e-02
7.665142513026969306e-02 2.876527795568109003e-01 -1.859499001083020353e-02 -3.202540799975395203e-02 6.989802122116088867e-01 -7.143654227256774902e-01 9.104147553443908691e-03
7.758751040226687101e-02 2.877377422526479211e-01 -1.827700932380410537e-02 -3.060772642493247986e-02 6.991235017776489258e-01 -7.142617702484130859e-01 1.092454791069030762e-02
7.773298943638630443e-02 2.870511963963509050e-01 -1.801519206372020898e-02 -2.746098302304744720e-02 7.017999887466430664e-01 -7.117832899093627930e-01 9.349073283374309540e-03
7.753710531234604686e-02 2.869774235412478891e-01 -1.838393028173346266e-02 -2.772427164018154144e-02 7.010975480079650879e-01 -7.124693989753723145e-01 9.005293250083923340e-03
7.770944432610106534e-02 2.869181755930185762e-01 -1.830713749557844050e-02 -2.507087960839271545e-02 7.000111937522888184e-01 -7.136672735214233398e-01 5.900970194488763809e-03
7.761886759064652586e-02 2.870866509154439417e-01 -1.860146695195996625e-02 -2.540829405188560486e-02 6.994666457176208496e-01 -7.141936421394348145e-01 5.308024119585752487e-03
7.754727037180621230e-02 2.867535233497620073e-01 -1.810672326379564323e-02 -2.547168731689453125e-02 7.006351351737976074e-01 -7.130569815635681152e-01 3.362962044775485992e-03
7.705607583885189238e-02 2.871116252616048303e-01 -1.818476103803567945e-02 -2.685398608446121216e-02 7.003349661827087402e-01 -7.132894992828369141e-01 5.277565680444240570e-03
7.719296446643288123e-02 2.870892465114593950e-01 -1.833971577106113804e-02 -2.555960789322853088e-02 6.994394063949584961e-01 -7.142099142074584961e-01 5.967884790152311325e-03
7.729334724048143868e-02 2.871040899306536165e-01 -1.842233437936280360e-02 -2.303787507116794586e-02 6.998735666275024414e-01 -7.138346433639526367e-01 9.289735928177833557e-03
7.743223522737187337e-02 2.869877025485039201e-01 -1.829293165177114933e-02 -2.256163209676742554e-02 6.999694705009460449e-01 -7.137855291366577148e-01 6.631786003708839417e-03
7.750291824771594895e-02 2.874588502570987192e-01 -1.860007670214297582e-02 -2.436338923871517181e-02 6.981278657913208008e-01 -7.154920697212219238e-01 9.754640981554985046e-03
7.728385433286845407e-02 2.873072775080800501e-01 -1.848495877595507375e-02 -2.348851785063743591e-02 6.987699270248413086e-01 -7.149154543876647949e-01 8.046928793191909790e-03
7.719770372182600815e-02 2.871776849031448808e-01 -1.827760589231097743e-02 -2.325902320444583893e-02 7.002322673797607422e-01 -7.135084271430969238e-01 6.311908364295959473e-03
7.716801296613819139e-02 2.869676800444722620e-01 -1.825673527377547067e-02 -2.173802442848682404e-02 7.015852332115173340e-01 -7.122202515602111816e-01 6.918373983353376389e-03
7.730346101124631331e-02 2.868521131575108019e-01 -1.843141169107970212e-02 -2.243834361433982849e-02 6.996138095855712891e-01 -7.141376137733459473e-01 6.664037238806486130e-03
7.731985179845747569e-02 2.869908476248383966e-01 -1.843817032636957398e-02 -2.348626591265201569e-02 6.992720961570739746e-01 -7.144385576248168945e-01 6.693604867905378342e-03
7.718692859683397300e-02 2.869813770055771318e-01 -1.825634858400798644e-02 -2.381509728729724884e-02 7.001678943634033203e-01 -7.135504484176635742e-01 6.584187503904104233e-03
7.736822063720029397e-02 2.869869723916054216e-01 -1.831879830660121389e-02 -2.463649585843086243e-02 7.005543708801269531e-01 -7.131456136703491211e-01 6.316975690424442291e-03
7.747154936191470720e-02 2.869137685745954958e-01 -1.824561524355605702e-02 -2.364274486899375916e-02 7.012522816658020020e-01 -7.124915719032287598e-01 6.482267752289772034e-03
7.747531413209975126e-02 2.867577785626054254e-01 -1.821961839867192179e-02 -2.273573726415634155e-02 6.999158859252929688e-01 -7.138267159461975098e-01 7.203268352895975113e-03
7.730643935477223005e-02 2.870060291141272035e-01 -1.835327808796188842e-02 -2.240314707159996033e-02 7.004262208938598633e-01 -7.133386731147766113e-01 7.012167945504188538e-03
7.732852588655127202e-02 2.866479327902198282e-01 -1.807707339284625458e-02 -2.123411744832992554e-02 7.004154324531555176e-01 -7.133895158767700195e-01 6.518832407891750336e-03
7.725870217680154417e-02 2.865163424983621088e-01 -1.802639988083998279e-02 -2.115776762366294861e-02 7.031273841857910156e-01 -7.107240557670593262e-01 5.930777173489332199e-03
7.717332449539317241e-02 2.869244070723653284e-01 -1.806857577835496720e-02 -2.120115421712398529e-02 7.020202279090881348e-01 -7.117903232574462891e-01 8.543261326849460602e-03
7.740288819592190672e-02 2.869283316656947580e-01 -1.823887646014049624e-02 -2.199701406061649323e-02 7.010426521301269531e-01 -7.127460241317749023e-01 6.947995629161596298e-03
7.743158647036819942e-02 2.865464130416512933e-01 -1.817836468539296702e-02 -2.174156717956066132e-02 7.024186849594116211e-01 -7.114156484603881836e-01 4.808815661817789078e-03
7.758399757654922679e-02 2.868534421548247781e-01 -1.836762317607754103e-02 -2.223927527666091919e-02 7.012673616409301758e-01 -7.125282883644104004e-01 5.725599825382232666e-03
7.735204040357969435e-02 2.868680741637945619e-01 -1.828971840377180413e-02 -2.300465479493141174e-02 7.034279108047485352e-01 -7.103652358055114746e-01 6.427530664950609207e-03
7.743657946983208140e-02 2.869847875088453737e-01 -1.844171160831503675e-02 -2.510698139667510986e-02 7.012134790420532227e-01 -7.124915719032287598e-01 5.005997605621814728e-03
7.759430930368139967e-02 2.873128440231085268e-01 -1.879163390490506957e-02 -2.888984046876430511e-02 6.994801759719848633e-01 -7.140424847602844238e-01 5.999931134283542633e-03
7.758248590974449466e-02 2.873020192608237711e-01 -1.869888729772456459e-02 -2.917609177529811859e-02 7.013621926307678223e-01 -7.121761441230773926e-01 6.709084380418062210e-03
7.769843975168334860e-02 2.872646350413561311e-01 -1.861835786018656291e-02 -2.919283509254455566e-02 7.006738185882568359e-01 -7.128544449806213379e-01 6.530835758894681931e-03
7.762884999036769040e-02 2.871615152806044069e-01 -1.859044111972779634e-02 -2.797464281320571899e-02 7.003845572471618652e-01 -7.131865620613098145e-01 6.611132528632879257e-03
7.760798628905753171e-02 2.874326959252357927e-01 -1.873313836074841365e-02 -2.856758981943130493e-02 6.987933516502380371e-01 -7.147120833396911621e-01 7.613390218466520309e-03
7.766626734299121593e-02 2.867746699601412264e-01 -1.840470327178783672e-02 -2.636982686817646027e-02 6.990684866905212402e-01 -7.145296335220336914e-01 7.440598215907812119e-03
7.778614432020893033e-02 2.875568142160773721e-01 -1.874845022952026374e-02 -2.996133640408515930e-02 6.986700892448425293e-01 -7.147738933563232422e-01 7.768418639898300171e-03
7.762611099408579796e-02 2.880397645756602731e-01 -1.876179428827862150e-02 -3.288969025015830994e-02 6.979712247848510742e-01 -7.153054475784301758e-01 9.613003581762313843e-03
7.796274749407562654e-02 2.878769768401980844e-01 -1.913060629002882873e-02 -3.363949060440063477e-02 6.973258852958679199e-01 -7.159078121185302734e-01 9.009911678731441498e-03
7.822567494070688243e-02 2.878751533105969873e-01 -1.883180903717035504e-02 -2.988527901470661163e-02 6.973900794982910156e-01 -7.160350084304809570e-01 6.912518758326768875e-03
7.781210269857176398e-02 2.879008531570435014e-01 -1.877859600366477144e-02 -2.624960243701934814e-02 6.996473073959350586e-01 -7.139790058135986328e-01 6.211850792169570923e-03
7.760781982574861682e-02 2.877999639138579813e-01 -1.868409945094989810e-02 -2.478871308267116547e-02 7.006230354309082031e-01 -7.130753397941589355e-01 6.029821932315826416e-03
7.823244594826962717e-02 2.874589247629046884e-01 -1.823862980200785522e-02 -2.183892391622066498e-02 7.023976445198059082e-01 -7.114139199256896973e-01 7.137865293771028519e-03
7.826091927229862633e-02 2.872271809726953951e-01 -1.784925862557501519e-02 -1.782521978020668030e-02 7.024123072624206543e-01 -7.115151882171630859e-01 6.749432068318128586e-03
7.837971198850458843e-02 2.876885283738375154e-01 -1.797301852818461443e-02 -2.156806737184524536e-02 7.021265625953674316e-01 -7.116581201553344727e-01 9.777513332664966583e-03
7.801813658544355656e-02 2.876493681222200838e-01 -1.791731568722199075e-02 -2.236800827085971832e-02 7.033735513687133789e-01 -7.104060053825378418e-01 9.422423318028450012e-03
7.794528864228268683e-02 2.883160535246134248e-01 -1.784413358021608165e-02 -2.079911530017852783e-02 7.042518258094787598e-01 -7.095462083816528320e-01 1.188268326222896576e-02
7.829264537936266033e-02 2.882559971883893457e-01 -1.809578848024495645e-02 -2.274185977876186371e-02 7.035868763923645020e-01 -7.101685404777526855e-01 1.044566370546817780e-02
7.837541723513620495e-02 2.883686862885952440e-01 -1.809330823318061610e-02 -2.315853349864482880e-02 7.048677206039428711e-01 -7.088797688484191895e-01 1.070302072912454605e-02
7.840884666676063708e-02 2.878860022872686830e-01 -1.789195207776272944e-02 -2.219813875854015350e-02 7.045074701309204102e-01 -7.092885375022888184e-01 9.277784265577793121e-03
7.836123726062695083e-02 2.878017054870725122e-01 -1.770078252080742320e-02 -2.252935990691184998e-02 7.024225592613220215e-01 -7.113699316978454590e-01 6.922464352101087570e-03
7.820099428071471126e-02 2.879448786377907243e-01 -1.818878000219237290e-02 -2.360002510249614716e-02 7.028254270553588867e-01 -7.109357118606567383e-01 7.061558775603771210e-03
7.846475854289859664e-02 2.886917509138584581e-01 -1.863526608959531483e-02 -2.948645316064357758e-02 7.010976076126098633e-01 -7.123764157295227051e-01 1.061554811894893646e-02
7.844270080477301621e-02 2.884120989590883699e-01 -1.849571449897358111e-02 -2.891922555863857269e-02 7.016154527664184570e-01 -7.118923664093017578e-01 1.041927654296159744e-02
7.840062607870824929e-02 2.881902299821377245e-01 -1.843549414749173776e-02 -3.048860281705856323e-02 7.008081078529357910e-01 -7.126210927963256836e-01 1.048224419355392456e-02
7.833171026884301613e-02 2.879020024091005769e-01 -1.811810316798473375e-02 -2.411745861172676086e-02 7.020363211631774902e-01 -7.116980552673339844e-01 7.006556261330842972e-03
7.805224716693183462e-02 2.874588558450341669e-01 -1.805378922504519146e-02 -2.447475120425224304e-02 7.039311528205871582e-01 -7.098062038421630859e-01 7.538683246821165085e-03
7.697333637593851974e-02 2.869873700663447824e-01 -1.801653473652387039e-02 -2.448649518191814423e-02 7.017321586608886719e-01 -7.119741439819335938e-01 8.094930090010166168e-03
7.668979897206786023e-02 2.870424978435039964e-01 -1.823590205324687741e-02 -2.595378644764423370e-02 7.027382254600524902e-01 -7.109573483467102051e-01 5.008697975426912308e-03
7.596807345179025506e-02 2.868510076776147333e-01 -1.810178571460963060e-02 -3.000877611339092255e-02 7.036259770393371582e-01 -7.098770737648010254e-01 9.179360233247280121e-03
7.528770821505183231e-02 2.863150492310524431e-01 -1.828903534182946267e-02 -3.308078274130821228e-02 7.027049064636230469e-01 -7.106255292892456055e-01 1.108907349407672882e-02
7.550653728166369094e-02 2.863687530159950700e-01 -1.829354452918324769e-02 -3.365977853536605835e-02 7.038525342941284180e-01 -7.095269560813903809e-01 5.497526843100786209e-03
7.523909013124664702e-02 2.862517137080431429e-01 -1.854121173316342075e-02 -3.487622365355491638e-02 7.022971510887145996e-01 -7.109825015068054199e-01 8.165574632585048676e-03
7.534579671142828394e-02 2.860355826094747034e-01 -1.811584011054839793e-02 -2.905824035406112671e-02 7.032141089439392090e-01 -7.103671431541442871e-01 4.865698050707578659e-03
7.566557542714037743e-02 2.864914445206523386e-01 -1.826210984538484405e-02 -3.359130769968032837e-02 7.019105553627014160e-01 -7.114458680152893066e-01 6.163404788821935654e-03
7.730508515325974772e-02 2.870241731405258623e-01 -1.794994474526140360e-02 -2.609054557979106903e-02 7.033606767654418945e-01 -7.103415727615356445e-01 4.252774175256490707e-03
7.748567084931547166e-02 2.871901534497738329e-01 -1.828712714367652925e-02 -2.398751489818096161e-02 7.015483975410461426e-01 -7.122035622596740723e-01 4.496668931096792221e-03
7.727681788381314532e-02 2.871707623824477640e-01 -1.839582970891151525e-02 -2.408946119248867035e-02 7.013139724731445312e-01 -7.124244570732116699e-01 5.438188090920448303e-03
7.736169797489823863e-02 2.874460007995367494e-01 -1.852092609818828395e-02 -2.594127878546714783e-02 6.998673677444458008e-01 -7.137826085090637207e-01 5.232611671090126038e-03
7.711361365660664158e-02 2.872724097222090212e-01 -1.841662873697663683e-02 -2.378495223820209503e-02 7.000972628593444824e-01 -7.136368155479431152e-01 4.567509517073631287e-03
7.741390536756299900e-02 2.870837619528174844e-01 -1.831004998486968072e-02 -2.274620905518531799e-02 7.008823752403259277e-01 -7.129030227661132812e-01 3.928007092326879501e-03
7.733584757273583021e-02 2.870664700865745989e-01 -1.820867045552182484e-02 -2.166837267577648163e-02 7.013065814971923828e-01 -7.125197649002075195e-01 3.876832313835620880e-03
7.727078201421423709e-02 2.871093835681677309e-01 -1.826039392360118141e-02 -2.164415828883647919e-02 7.009983658790588379e-01 -7.128196954727172852e-01 4.589182790368795395e-03
7.703774148003462996e-02 2.870228171348572221e-01 -1.818361019170039450e-02 -1.968374289572238922e-02 7.004917263984680176e-01 -7.133673429489135742e-01 5.561046302318572998e-03
7.696604258360574546e-02 2.870514702051878420e-01 -1.826846975605994627e-02 -2.259593643248081207e-02 7.012014389038085938e-01 -7.125878334045410156e-01 4.965740256011486053e-03
7.709042936679090519e-02 2.870926756411791292e-01 -1.831822012779094067e-02 -2.131217159330844879e-02 7.009488344192504883e-01 -7.128801941871643066e-01 4.295954946428537369e-03
7.718785899176018594e-02 2.874216038733721224e-01 -1.818906253991658950e-02 -2.113837003707885742e-02 7.017553448677062988e-01 -7.120724916458129883e-01 6.748646963387727737e-03
7.713818544059670990e-02 2.868993367999792543e-01 -1.832593480235461536e-02 -2.204066142439842224e-02 7.001071572303771973e-01 -7.136733531951904297e-01 5.892612040042877197e-03
7.720364511224954429e-02 2.871152574196458307e-01 -1.850614972388492374e-02 -2.546816319227218628e-02 7.003672122955322266e-01 -7.132976651191711426e-01 6.635504309087991714e-03
7.703448869699948409e-02 2.873438123613596407e-01 -1.842473190091115098e-02 -2.455071546137332916e-02 7.008090615272521973e-01 -7.128918766975402832e-01 7.008448243141174316e-03
7.751057106091487070e-02 2.871578635647893396e-01 -1.829820443331664492e-02 -2.260774932801723480e-02 7.022189497947692871e-01 -7.115865349769592285e-01 4.677544347941875458e-03
7.707508324931801325e-02 2.870004514232278314e-01 -1.798342265370073134e-02 -1.855877973139286041e-02 7.042866349220275879e-01 -7.096580862998962402e-01 4.608064889907836914e-03
7.711847168582021406e-02 2.870186550542712656e-01 -1.791659292153097160e-02 -1.700395531952381134e-02 7.042462825775146484e-01 -7.097436785697937012e-01 3.509709844365715981e-03
7.693507950835733189e-02 2.868792928755283800e-01 -1.818779550669075151e-02 -1.964280568063259125e-02 7.045713067054748535e-01 -7.093480825424194336e-01 4.373651929199695587e-03
7.711922841902420223e-02 2.867797913029790369e-01 -1.802580325609548506e-02 -1.974475383758544922e-02 7.031292319297790527e-01 -7.107849121093750000e-01 2.118960488587617874e-03
7.710734203897041950e-02 2.867574749514461008e-01 -1.797551041643302705e-02 -1.805068552494049072e-02 7.045626044273376465e-01 -7.094006538391113281e-01 4.077821504324674606e-03
7.725243775757863196e-02 2.869140796363354173e-01 -1.814509373133760262e-02 -2.039668336510658264e-02 7.045947313308715820e-01 -7.092994451522827148e-01 4.939981736242771149e-03
7.710833811941854299e-02 2.870863752439618555e-01 -1.835425791574235577e-02 -2.052818424999713898e-02 7.032636404037475586e-01 -7.106219530105590820e-01 3.899157280102372169e-03
7.662030279012578549e-02 2.873147401958704439e-01 -1.832648143186882406e-02 -1.888564229011535645e-02 7.019132971763610840e-01 -7.119893431663513184e-01 5.664107389748096466e-03
7.676872597530771947e-02 2.869209425523877588e-01 -1.807308507818394805e-02 -1.761773228645324707e-02 7.030066847801208496e-01 -7.109495401382446289e-01 4.674392752349376678e-03
7.684325834719386850e-02 2.871960598975420442e-01 -1.795745606464776989e-02 -2.040619216859340668e-02 7.029313445091247559e-01 -7.109262347221374512e-01 7.399504538625478745e-03
7.694153378573255486e-02 2.872132996097207513e-01 -1.810794198891935158e-02 -2.101295627653598785e-02 7.002518177032470703e-01 -7.135614156723022461e-01 6.011458113789558411e-03
7.670720293595890971e-02 2.874302670359611955e-01 -1.811555942866516222e-02 -2.123495936393737793e-02 7.001736760139465332e-01 -7.136241197586059570e-01 6.801185198128223419e-03
7.675231719206311587e-02 2.870262388139963594e-01 -1.837932234114647567e-02 -2.574172616004943848e-02 7.025703787803649902e-01 -7.111352682113647461e-01 4.328106995671987534e-03
7.694010760008641869e-02 2.870442524552345720e-01 -1.848772808430571013e-02 -2.384331822395324707e-02 7.018540501594543457e-01 -7.119107842445373535e-01 3.933216910809278488e-03
7.714631154947383662e-02 2.870907301083207575e-01 -1.826206693609272458e-02 -2.509460225701332092e-02 7.000336647033691406e-01 -7.136476039886474609e-01 5.451358854770660400e-03
7.751989660541737381e-02 2.872692208737135378e-01 -1.820726822709511916e-02 -2.742146700620651245e-02 7.000106573104858398e-01 -7.135865688323974609e-01 5.241655744612216949e-03
7.708949357305462657e-02 2.869856415316462961e-01 -1.843929237905139740e-02 -2.491874620318412781e-02 7.011927962303161621e-01 -7.125176191329956055e-01 5.156097467988729477e-03
7.720129662989218267e-02 2.873556168749928919e-01 -1.829880088934832116e-02 -2.543956786394119263e-02 7.008156776428222656e-01 -7.128648757934570312e-01 5.817824043333530426e-03
7.698452900890508099e-02 2.872097130864859071e-01 -1.849297685239420508e-02 -2.455799281597137451e-02 7.012646198272705078e-01 -7.124513387680053711e-01 6.170898210257291794e-03
7.684498416679598487e-02 2.872351838275790659e-01 -1.857960818247855750e-02 -2.510076388716697693e-02 7.001706361770629883e-01 -7.135164737701416016e-01 5.056312307715415955e-03
7.729496958289140685e-02 2.873138414695859399e-01 -1.861393100468555772e-02 -2.490133233368396759e-02 7.009890079498291016e-01 -7.127140164375305176e-01 5.732822231948375702e-03
7.729761769920474868e-02 2.875584552064538446e-01 -1.836097881559972667e-02 -2.700908295810222626e-02 7.011617422103881836e-01 -7.124736905097961426e-01 4.911181516945362091e-03
7.704877034909742017e-02 2.873900320380926576e-01 -1.839632786161077282e-02 -2.611142769455909729e-02 6.995410323143005371e-01 -7.140874266624450684e-01 6.277053151279687881e-03
7.751150595484947170e-02 2.872801816090941873e-01 -1.866820406079539030e-02 -2.545767463743686676e-02 7.013273239135742188e-01 -7.123660445213317871e-01 5.146457813680171967e-03
7.744298245851212459e-02 2.875972382724285570e-01 -1.835066045243022304e-02 -2.701567299664020538e-02 7.021112442016601562e-01 -7.115415334701538086e-01 4.343484994024038315e-03
7.690489026254467009e-02 2.872932983562350717e-01 -1.837306191479348705e-02 -2.630936726927757263e-02 7.005610466003417969e-01 -7.130823731422424316e-01 5.948107223957777023e-03
7.700762871736389903e-02 2.870698051527142969e-01 -1.859172569908618122e-02 -2.434529922902584076e-02 6.999974250793457031e-01 -7.137185335159301758e-01 4.048136528581380844e-03
7.729019163602658671e-02 2.875623201951384988e-01 -1.865005984131840044e-02 -2.496738359332084656e-02 7.003064751625061035e-01 -7.133881449699401855e-01 4.983575548976659775e-03
7.697770131383709080e-02 2.872628999873996225e-01 -1.838214018254968884e-02 -2.468130737543106079e-02 7.013251781463623047e-01 -7.124019861221313477e-01 4.174392204731702805e-03
7.696677502216466016e-02 2.872695170342922655e-01 -1.860306100685504838e-02 -2.501814067363739014e-02 7.011998891830444336e-01 -7.125047445297241211e-01 5.455225706100463867e-03
7.728281146273342783e-02 2.874308323487639871e-01 -1.850478438732672259e-02 -2.667836844921112061e-02 7.016594409942626953e-01 -7.120068073272705078e-01 3.021238604560494423e-03
7.709079738567371776e-02 2.874408440664411035e-01 -1.859415977507733464e-02 -2.733578719198703766e-02 6.993465423583984375e-01 -7.142376303672790527e-01 5.586068611592054367e-03
7.827412026259152056e-02 2.879243904724717584e-01 -1.851725670698012305e-02 -2.665593661367893219e-02 7.003054618835449219e-01 -7.133409380912780762e-01 2.551559591665863991e-03
7.879609521105514214e-02 2.867906849831343141e-01 -1.814175631070791272e-02 1.996611244976520538e-02 -7.007690668106079102e-01 7.131067514419555664e-01 1.647828728891909122e-03
7.853480090445409678e-02 2.871517727151513544e-01 -1.796280448577114441e-02 -1.996935345232486725e-02 7.008109688758850098e-01 -7.130668163299560547e-01 1.104374183341860771e-03
7.868645167822442554e-02 2.869755394756794420e-01 -1.799546616162106538e-02 1.701460964977741241e-02 -7.011203765869140625e-01 7.128389477729797363e-01 1.048275385983288288e-03
7.838919949730761838e-02 2.872721815481782404e-01 -1.792445027089684118e-02 -1.678043045103549957e-02 7.002106308937072754e-01 -7.137324213981628418e-01 3.089472651481628418e-03
7.859964871097159522e-02 2.873184710741043535e-01 -1.801815494190495137e-02 -1.507760770618915558e-02 6.991233825683593750e-01 -7.148413062095642090e-01 1.098660519346594810e-03
7.851887801411096268e-02 2.871983034536242929e-01 -1.787866763086498612e-02 -1.623216457664966583e-02 6.992228627204895020e-01 -7.147191166877746582e-01 4.103021055925637484e-04
7.833409024425876110e-02 2.872788619250059572e-01 -1.791574648934801672e-02 -1.408464927226305008e-02 7.008363008499145508e-01 -7.131826877593994141e-01 8.660961757414042950e-04
7.832364894568623337e-02 2.876929316669702974e-01 -1.805512498062356030e-02 -1.410145685076713562e-02 7.015830278396606445e-01 -7.124409675598144531e-01 3.184474771842360497e-03
7.841060667882616964e-02 2.880662858486175981e-01 -1.827319467086396809e-02 -1.806453987956047058e-02 7.022076845169067383e-01 -7.117266654968261719e-01 4.791790153831243515e-03
7.861256176473020718e-02 2.877016562968492952e-01 -1.809584938557046163e-02 -1.790368556976318359e-02 7.041113376617431641e-01 -7.098537683486938477e-01 3.815463278442621231e-03
7.888571275793011817e-02 2.871192742139101473e-01 -1.759682016700486740e-02 -1.340369414538145065e-02 7.043907642364501953e-01 -7.096753120422363281e-01 3.857749514281749725e-03
7.883313014796923535e-02 2.867969434708357301e-01 -1.801652444504225903e-02 1.488546002656221390e-02 -7.020353078842163086e-01 7.119865417480468750e-01 6.301391404122114182e-04
7.895241595549008784e-02 2.870584094896913019e-01 -1.814512640538573640e-02 2.016705088317394257e-02 -7.033281922340393066e-01 7.105790376663208008e-01 6.331172335194423795e-05
7.882078306946062318e-02 2.871279289945960489e-01 -1.825374804470802914e-02 -1.957524195313453674e-02 7.034099698066711426e-01 -7.105143666267395020e-01 6.337933591566979885e-04
7.868811541151123079e-02 2.876506039872765985e-01 -1.811508079041457275e-02 -2.136608958244323730e-02 7.031980752944946289e-01 -7.106677889823913574e-01 2.716314047574996948e-03
7.860437446933966898e-02 2.881753455847502199e-01 -1.823894310170165456e-02 -2.254015207290649414e-02 7.024378776550292969e-01 -7.113618254661560059e-01 6.104541476815938950e-03
7.904913473714060557e-02 2.879893595352769342e-01 -1.838101138135528334e-02 -2.577199041843414307e-02 7.019684314727783203e-01 -7.117351293563842773e-01 3.039404517039656639e-03
7.899608513011315003e-02 2.871654920279980150e-01 -1.809398190344302382e-02 -2.094094082713127136e-02 7.015147209167480469e-01 -7.123358845710754395e-01 3.998626023530960083e-03
7.905308846567628278e-02 2.869783408939838854e-01 -1.806848619185125182e-02 -1.939975284039974213e-02 7.016701102256774902e-01 -7.122318148612976074e-01 2.889382187277078629e-03
7.897806570188027619e-02 2.870567033067346063e-01 -1.795817157568779798e-02 -1.836377009749412537e-02 7.033826708793640137e-01 -7.105729579925537109e-01 1.235795556567609310e-03
7.884883798571330760e-02 2.868676783517003503e-01 -1.801859044591297421e-02 -1.710201799869537354e-02 7.032345533370971680e-01 -7.107517123222351074e-01 9.568589739501476288e-04
7.873845031690175633e-02 2.871590519323945490e-01 -1.820298140322890168e-02 1.784848794341087341e-02 -7.005853652954101562e-01 7.133457660675048828e-01 4.907351831207051873e-05
7.898910266915805389e-02 2.872156586498022524e-01 -1.818361260991741002e-02 2.190731093287467957e-02 -7.021158337593078613e-01 7.117251157760620117e-01 5.404800758697092533e-04
7.915939013510654709e-02 2.869945906102657762e-01 -1.819169204158282982e-02 1.958249695599079132e-02 -7.027966380119323730e-01 7.111181020736694336e-01 2.040180144831538200e-03
7.958540483472721638e-02 2.867958026006818262e-01 -1.822328509047504985e-02 1.841614395380020142e-02 -7.034507393836975098e-01 7.105051875114440918e-01 5.942323477938771248e-04
7.904214957678036557e-02 2.865076653659344164e-01 -1.837143541080071829e-02 1.733779720962047577e-02 -7.038279771804809570e-01 7.101564407348632812e-01 1.846930012106895447e-03
7.969462276136841938e-02 2.866529526188970056e-01 -1.838805193575571151e-02 2.003704756498336792e-02 -7.036439180374145508e-01 7.102685570716857910e-01 1.335775363259017467e-03
7.945467085056558132e-02 2.868048103526235071e-01 -1.827221349338098433e-02 1.906607486307621002e-02 -7.030901908874511719e-01 7.108452320098876953e-01 4.633378703147172928e-04
7.942974544451943120e-02 2.866830399259925333e-01 -1.823986826653067883e-02 -1.964950375258922577e-02 7.023634314537048340e-01 -7.115472555160522461e-01 2.398163924226537347e-04
7.972973572191634217e-02 2.867361122742295709e-01 -1.792829371749043998e-02 -1.942616887390613556e-02 7.036113142967224121e-01 -7.103195190429687500e-01 2.339258935535326600e-04
7.969689835979044956e-02 2.865866247564554659e-01 -1.794219025447385540e-02 1.956550590693950653e-02 -7.037950158119201660e-01 7.101260423660278320e-01 3.285030368715524673e-03
7.969208622046210222e-02 2.864356387406588045e-01 -1.795654130377555280e-02 1.751068048179149628e-02 -7.042852044105529785e-01 7.096913456916809082e-01 3.761100349947810173e-03
7.950849338722699999e-02 2.868079395964742151e-01 -1.831017173928312092e-02 2.029641903936862946e-02 -7.013054490089416504e-01 7.125718593597412109e-01 1.443389628548175097e-04
7.905160109351662412e-02 2.865873297676444498e-01 -1.827825982317426989e-02 1.867262274026870728e-02 -7.040867209434509277e-01 7.098683714866638184e-01 2.600986044853925705e-04
7.923519302695004873e-02 2.867372494190931764e-01 -1.821236228553407832e-02 -1.838898286223411560e-02 7.033123970031738281e-01 -7.106431126594543457e-01 1.779727608663961291e-05
7.922262909623913052e-02 2.869348453357816187e-01 -1.805892512426177099e-02 -1.604787819087505341e-02 7.034696936607360840e-01 -7.105432152748107910e-01 1.111975871026515961e-03
7.868528013645072205e-02 2.871128145605326143e-01 -1.800888929045113551e-02 -1.731563918292522430e-02 7.029781341552734375e-01 -7.109991312026977539e-01 1.365556148812174797e-03
7.906110479874962904e-02 2.869976267218590227e-01 -1.791521178220589761e-02 -1.668319106101989746e-02 7.032564282417297363e-01 -7.107378840446472168e-01 2.027764916419982910e-03
7.913967548052837364e-02 2.870188580825925317e-01 -1.812634675721724875e-02 -1.654982566833496094e-02 7.012845873832702637e-01 -7.126879692077636719e-01 1.504800049588084221e-03
7.887991173656695720e-02 2.866618039086461511e-01 -1.810094591846395096e-02 -1.859357580542564392e-02 7.035039067268371582e-01 -7.104476690292358398e-01 7.569149602204561234e-04
7.916142818588801922e-02 2.868766535073519197e-01 -1.772898955977975088e-02 -1.628368534147739410e-02 7.026786804199218750e-01 -7.113163471221923828e-01 2.608073642477393150e-03
7.958596181196066210e-02 2.877152442932129350e-01 -1.804884070952633701e-02 -2.332789637148380280e-02 7.018755674362182617e-01 -7.119073271751403809e-01 3.786118933930993080e-03
7.942794134217202873e-02 2.879296608269215074e-01 -1.818625712702398589e-02 -2.536490000784397125e-02 7.010946869850158691e-01 -7.126050591468811035e-01 4.078792873769998550e-03
7.896196195140160745e-02 2.876846717670560327e-01 -1.825027885937136052e-02 -2.117544226348400116e-02 7.029194831848144531e-01 -7.109513878822326660e-01 1.917206565849483013e-03
7.899716579191819188e-02 2.872101908549666849e-01 -1.789482255756358331e-02 -1.734076067805290222e-02 7.029912471771240234e-01 -7.109866738319396973e-01 7.793713011778891087e-04
7.930011281760108999e-02 2.869936751201749292e-01 -1.791890957340425139e-02 1.624460890889167786e-02 -7.045095562934875488e-01 7.095084190368652344e-01 2.333751472178846598e-04
7.866348694001602804e-02 2.870133623480797258e-01 -1.814311562984244341e-02 -1.593399979174137115e-02 7.029283642768859863e-01 -7.110819220542907715e-01 7.133888429962098598e-04
7.853724566558996367e-02 2.872738001868129221e-01 -1.797710643964423038e-02 -1.775510981678962708e-02 7.029010653495788574e-01 -7.110657691955566406e-01 5.049530300311744213e-04
7.870036441163787144e-02 2.875359255820513216e-01 -1.778365982208907070e-02 -1.673816144466400146e-02 7.030470967292785645e-01 -7.109434604644775391e-01 2.001604298129677773e-03
7.854926521629092273e-02 2.877238729968667474e-01 -1.826133241674243735e-02 -1.995651423931121826e-02 7.018728256225585938e-01 -7.120183706283569336e-01 2.501610433682799339e-03
7.841184210651831743e-02 2.873091746121645418e-01 -1.779571182188766088e-02 -1.375440694391727448e-02 7.023280262947082520e-01 -7.117165923118591309e-01 2.342664869502186775e-03
7.874618321244931940e-02 2.870445886626840082e-01 -1.785769927137315083e-02 -1.278646290302276611e-02 7.030103802680969238e-01 -7.110643386840820312e-01 6.850876379758119583e-04
7.895515675137533551e-02 2.869480999186635461e-01 -1.779017916637248842e-02 -1.343670394271612167e-02 7.035056352615356445e-01 -7.105609178543090820e-01 1.674283761531114578e-03
7.838514409118325921e-02 2.873187430202961412e-01 -1.801630163165385268e-02 -1.718823611736297607e-02 7.011684179306030273e-01 -7.127784490585327148e-01 3.781069768592715263e-03
7.872312759427226025e-02 2.873002097010612932e-01 -1.792498357209881821e-02 -1.593951135873794556e-02 7.001408338546752930e-01 -7.138207554817199707e-01 2.929703099653124809e-03
7.869060786213567804e-02 2.871017802506685701e-01 -1.839437742901695039e-02 -2.088124677538871765e-02 7.032341361045837402e-01 -7.106512188911437988e-01 6.325396243482828140e-04
7.878415214349622497e-02 2.871405428275466409e-01 -1.813701328739525387e-02 -1.864033378660678864e-02 7.029176354408264160e-01 -7.110264301300048828e-01 1.000551390461623669e-03
7.954776163188471971e-02 2.870011145249009576e-01 -1.811902827657618786e-02 -1.956879533827304840e-02 7.024843692779541016e-01 -7.114261388778686523e-01 2.371563110500574112e-03
7.944939801278240454e-02 2.864860270172358003e-01 -1.804562172529139419e-02 1.655934937298297882e-02 -7.040807008743286133e-01 7.099266648292541504e-01 1.961415837286040187e-04
7.972720098061349125e-02 2.868149422109127489e-01 -1.810630974869092968e-02 -1.918802782893180847e-02 7.022003531455993652e-01 -7.117172479629516602e-01 2.322170883417129517e-03
7.903195302426192781e-02 2.866184331476688829e-01 -1.810889802819320993e-02 -1.738954521715641022e-02 7.038425207138061523e-01 -7.101427316665649414e-01 6.123707862570881844e-04
7.904107971259534404e-02 2.865910261869430986e-01 -1.791173680439600568e-02 1.705689355731010437e-02 -7.030636668205261230e-01 7.109224200248718262e-01 1.770411763573065400e-04
7.925770426511703770e-02 2.866709467023611513e-01 -1.786795498585141972e-02 -1.602670550346374512e-02 7.016978859901428223e-01 -7.122939825057983398e-01 4.433519789017736912e-04
7.891482584094601516e-02 2.866841444745660272e-01 -1.801702906506602586e-02 1.803239434957504272e-02 -7.033900618553161621e-01 7.105754017829895020e-01 2.049569011433050036e-04
7.852829263897866119e-02 2.865455422550440279e-01 -1.774199354974465015e-02 -1.548372209072113037e-02 7.028764486312866211e-01 -7.111428380012512207e-01 9.935317793861031532e-04
7.870294864203254692e-02 2.867710424587130991e-01 -1.814887559775441028e-02 1.746770180761814117e-02 -7.017635703086853027e-01 7.121958136558532715e-01 9.764728019945323467e-05
7.890591960402150440e-02 2.867789261043072191e-01 -1.811464776086113559e-02 1.975686475634574890e-02 -7.032518386840820312e-01 7.106648683547973633e-01 1.457609701901674271e-03
7.925048605612451669e-02 2.868539543822408167e-01 -1.794247554784067500e-02 -1.597569696605205536e-02 7.022370696067810059e-01 -7.117638587951660156e-01 2.536789452278753743e-06
7.902882171445214932e-02 2.867117283865809885e-01 -1.806892141467125734e-02 1.790751889348030090e-02 -7.035037279129028320e-01 7.104645967483520508e-01 1.166266505606472492e-03
7.918200035145718518e-02 2.870691578835249391e-01 -1.780650021895430202e-02 -1.513991504907608032e-02 7.002127170562744141e-01 -7.137691974639892578e-01 2.570946933701634407e-03
7.937821920171840573e-02 2.873050069436431375e-01 -1.811328630469760670e-02 2.235183492302894592e-02 -7.008566856384277344e-01 7.129518389701843262e-01 3.780298720812425017e-05
7.964124562653331074e-02 2.871120471507311311e-01 -1.811412458242794843e-02 2.190984785556793213e-02 -7.019735574722290039e-01 7.118642926216125488e-01 1.601188909262418747e-03
7.959379368569176327e-02 2.870881829410791841e-01 -1.802713085722124076e-02 2.210759744048118591e-02 -7.021087408065795898e-01 7.117261290550231934e-01 8.441078243777155876e-04
7.954486696991393269e-02 2.870631648227572885e-01 -1.797768771152274958e-02 2.208494581282138824e-02 -7.016376256942749023e-01 7.121897339820861816e-01 1.654060208238661289e-03
7.947585488127008324e-02 2.869822794571519342e-01 -1.800029550965637215e-02 2.211737632751464844e-02 -7.033436894416809082e-01 7.105001211166381836e-01 2.804968971759080887e-03
7.941431744509454271e-02 2.869117299094796625e-01 -1.785408763618467898e-02 2.299132570624351501e-02 -7.027270197868347168e-01 7.110822796821594238e-01 2.880548359826207161e-03
7.896768918902787038e-02 2.868569318205118623e-01 -1.816343185807434146e-02 1.922545209527015686e-02 -7.017529010772705078e-01 7.121602296829223633e-01 8.582218433730304241e-04
8.036097988571645756e-02 2.892222573980689493e-01 -1.836937430260154880e-02 -1.998677290976047516e-02 6.965344548225402832e-01 -7.172429561614990234e-01 1.761975931003689766e-03
8.076608859334845347e-02 2.901287332177162614e-01 -1.852791800706093950e-02 -1.533077657222747803e-02 6.996381878852844238e-01 -7.143304944038391113e-01 1.763981184922158718e-03
7.893141368472290920e-02 2.876956818625331369e-01 -1.832249053027668051e-02 -2.115802839398384094e-02 7.025676369667053223e-01 -7.113020420074462891e-01 6.587966345250606537e-04
7.666288680393552879e-02 2.841864705085754839e-01 -1.757895758545041653e-02 -1.496448740363121033e-02 7.054812908172607422e-01 -7.085533738136291504e-01 4.934983327984809875e-03
7.604912128756503853e-02 2.836784098297358003e-01 -1.793133791525108878e-02 -1.415326260030269623e-02 7.021529674530029297e-01 -7.118569016456604004e-01 6.400629412382841110e-03
7.533658814114287117e-02 2.835518253967166391e-01 -1.778229611642140329e-02 -1.377844996750354767e-02 7.030771374702453613e-01 -7.109638452529907227e-01 4.827345721423625946e-03
7.517618049752518294e-02 2.839445771649480310e-01 -1.790304725096103500e-02 -1.391874440014362335e-02 7.026739716529846191e-01 -7.113518118858337402e-01 5.841713398694992065e-03
7.534181778844585564e-02 2.837132459506392923e-01 -1.799807508032413850e-02 -1.390410028398036957e-02 7.053558230400085449e-01 -7.086948752403259277e-01 5.580003838986158371e-03
