1.989391893148422241e-01 7.107908278703689575e-02 -1.499998569488525391e-02 3.950629755854606628e-02 -7.060004472732543945e-01 3.950648754835128784e-02 7.060041427612304688e-01
1.989391893148422241e-01 7.107908278703689575e-02 -1.499998569488525391e-02 3.950535506010055542e-02 -7.060002088546752930e-01 3.950667753815650940e-02 7.060043811798095703e-01
1.989392042160034180e-01 7.107908278703689575e-02 -1.499998569488525391e-02 3.950592130422592163e-02 -7.060004472732543945e-01 3.950648754835128784e-02 7.060042023658752441e-01
1.989391893148422241e-01 7.107908278703689575e-02 -1.499998569488525391e-02 3.950648754835128784e-02 -7.060002088546752930e-01 3.950648754835128784e-02 7.060043215751647949e-01
1.989392042160034180e-01 7.107908278703689575e-02 -1.499998569488525391e-02 3.950592130422592163e-02 -7.060005664825439453e-01 3.950667753815650940e-02 7.060040831565856934e-01
1.989391893148422241e-01 7.107908278703689575e-02 -1.499998569488525391e-02 3.950592130422592163e-02 -7.060004472732543945e-01 3.950667753815650940e-02 7.060041427612304688e-01
1.989392042160034180e-01 7.107908278703689575e-02 -1.499998569488525391e-02 3.950629755854606628e-02 -7.060006856918334961e-01 3.950648754835128784e-02 7.060039043426513672e-01
1.989391893148422241e-01 7.107908278703689575e-02 -1.499998569488525391e-02 3.950611129403114319e-02 -7.060004472732543945e-01 3.950705379247665405e-02 7.060042023658752441e-01
1.989391893148422241e-01 7.107908278703689575e-02 -1.499998569488525391e-02 3.950648754835128784e-02 -7.060003876686096191e-01 3.950667753815650940e-02 7.060042023658752441e-01
1.989391893148422241e-01 7.107908278703689575e-02 -1.499998569488525391e-02 3.950648754835128784e-02 -7.060003876686096191e-01 3.950667753815650940e-02 7.060042619705200195e-01
1.989392042160034180e-01 7.107908278703689575e-02 -1.499995589256286621e-02 3.950648754835128784e-02 -7.060006856918334961e-01 3.950648754835128784e-02 7.060039043426513672e-01
1.989392042160034180e-01 7.107908278703689575e-02 -1.499998569488525391e-02 3.950592130422592163e-02 -7.060004472732543945e-01 3.950648754835128784e-02 7.060042023658752441e-01
1.989392042160034180e-01 7.107909023761749268e-02 -1.499998569488525391e-02 3.950573131442070007e-02 -7.060006856918334961e-01 3.950667753815650940e-02 7.060039639472961426e-01
1.989392042160034180e-01 7.107908278703689575e-02 -1.499998569488525391e-02 3.950592130422592163e-02 -7.060005068778991699e-01 3.950667753815650940e-02 7.060040831565856934e-01
1.989391893148422241e-01 7.107908278703689575e-02 -1.499998569488525391e-02 3.950592130422592163e-02 -7.060004472732543945e-01 3.950667753815650940e-02 7.060041427612304688e-01
1.989392042160034180e-01 7.107908278703689575e-02 -1.499998569488525391e-02 3.950629755854606628e-02 -7.060006856918334961e-01 3.950648754835128784e-02 7.060039043426513672e-01
1.989391893148422241e-01 7.107908278703689575e-02 -1.499998569488525391e-02 3.950611129403114319e-02 -7.060004472732543945e-01 3.950705379247665405e-02 7.060042023658752441e-01
1.989391893148422241e-01 7.107908278703689575e-02 -1.499998569488525391e-02 3.950648754835128784e-02 -7.060003876686096191e-01 3.950667753815650940e-02 7.060042023658752441e-01
1.989391893148422241e-01 7.107908278703689575e-02 -1.499998569488525391e-02 3.950648754835128784e-02 -7.060003876686096191e-01 3.950667753815650940e-02 7.060042619705200195e-01
1.989391893148422241e-01 7.107908278703689575e-02 -1.499998569488525391e-02 3.950648754835128784e-02 -7.060004472732543945e-01 3.950648754835128784e-02 7.060041427612304688e-01
1.989391893148422241e-01 7.107908278703689575e-02 -1.499998569488525391e-02 3.950629755854606628e-02 -7.060004472732543945e-01 3.950648754835128784e-02 7.060041427612304688e-01
1.989391893148422241e-01 7.107908278703689575e-02 -1.499998569488525391e-02 3.950535506010055542e-02 -7.060002088546752930e-01 3.950667753815650940e-02 7.060043811798095703e-01
1.989392042160034180e-01 7.107908278703689575e-02 -1.499998569488525391e-02 3.950592130422592163e-02 -7.060004472732543945e-01 3.950648754835128784e-02 7.060042023658752441e-01
1.989391893148422241e-01 7.107908278703689575e-02 -1.499998569488525391e-02 3.950648754835128784e-02 -7.060002088546752930e-01 3.950648754835128784e-02 7.060043215751647949e-01
1.989392042160034180e-01 7.107908278703689575e-02 -1.499998569488525391e-02 3.950592130422592163e-02 -7.060005664825439453e-01 3.950667753815650940e-02 7.060040831565856934e-01
1.989391893148422241e-01 7.107908278703689575e-02 -1.499998569488525391e-02 3.950592130422592163e-02 -7.060004472732543945e-01 3.950667753815650940e-02 7.060041427612304688e-01
1.989391893148422241e-01 7.107908278703689575e-02 -1.499998569488525391e-02 3.950648754835128784e-02 -7.060003876686096191e-01 3.950667753815650940e-02 7.060042619705200195e-01
1.989391893148422241e-01 7.107908278703689575e-02 -1.499998569488525391e-02 3.950648754835128784e-02 -7.060004472732543945e-01 3.950648754835128784e-02 7.060041427612304688e-01
1.989391893148422241e-01 7.107908278703689575e-02 -1.499998569488525391e-02 3.950629755854606628e-02 -7.060004472732543945e-01 3.950648754835128784e-02 7.060041427612304688e-01
1.989391893148422241e-01 7.107908278703689575e-02 -1.499998569488525391e-02 3.950535506010055542e-02 -7.060002088546752930e-01 3.950667753815650940e-02 7.060043811798095703e-01
1.989392042160034180e-01 7.107908278703689575e-02 -1.499998569488525391e-02 3.950592130422592163e-02 -7.060004472732543945e-01 3.950648754835128784e-02 7.060042023658752441e-01
1.989391893148422241e-01 7.107908278703689575e-02 -1.499998569488525391e-02 3.950648754835128784e-02 -7.060002088546752930e-01 3.950648754835128784e-02 7.060043215751647949e-01
1.989392042160034180e-01 7.107908278703689575e-02 -1.499998569488525391e-02 3.950592130422592163e-02 -7.060005664825439453e-01 3.950667753815650940e-02 7.060040831565856934e-01
1.989392042160034180e-01 7.107908278703689575e-02 -1.499998569488525391e-02 3.950629755854606628e-02 -7.060006856918334961e-01 3.950648754835128784e-02 7.060039043426513672e-01
1.989391893148422241e-01 7.107908278703689575e-02 -1.499998569488525391e-02 3.950611129403114319e-02 -7.060004472732543945e-01 3.950705379247665405e-02 7.060042023658752441e-01
1.989391893148422241e-01 7.107908278703689575e-02 -1.499998569488525391e-02 3.950648754835128784e-02 -7.060003876686096191e-01 3.950667753815650940e-02 7.060042023658752441e-01
1.989391893148422241e-01 7.107908278703689575e-02 -1.499998569488525391e-02 3.950648754835128784e-02 -7.060003876686096191e-01 3.950667753815650940e-02 7.060042619705200195e-01
1.989391893148422241e-01 7.107908278703689575e-02 -1.499998569488525391e-02 3.950648754835128784e-02 -7.060004472732543945e-01 3.950648754835128784e-02 7.060041427612304688e-01
1.989391893148422241e-01 7.107908278703689575e-02 -1.499998569488525391e-02 3.950629755854606628e-02 -7.060004472732543945e-01 3.950648754835128784e-02 7.060041427612304688e-01
1.989391893148422241e-01 7.107908278703689575e-02 -1.499998569488525391e-02 3.950535506010055542e-02 -7.060002088546752930e-01 3.950667753815650940e-02 7.060043811798095703e-01
1.989392042160034180e-01 7.107908278703689575e-02 -1.499998569488525391e-02 3.950592130422592163e-02 -7.060004472732543945e-01 3.950648754835128784e-02 7.060042023658752441e-01
1.989391893148422241e-01 7.107908278703689575e-02 -1.499998569488525391e-02 3.950648754835128784e-02 -7.060002088546752930e-01 3.950648754835128784e-02 7.060043215751647949e-01
1.989392042160034180e-01 7.107908278703689575e-02 -1.499998569488525391e-02 3.950592130422592163e-02 -7.060005664825439453e-01 3.950667753815650940e-02 7.060040831565856934e-01
1.989391893148422241e-01 7.107908278703689575e-02 -1.499998569488525391e-02 3.950592130422592163e-02 -7.060004472732543945e-01 3.950667753815650940e-02 7.060041427612304688e-01
1.989392042160034180e-01 7.107908278703689575e-02 -1.499998569488525391e-02 3.950629755854606628e-02 -7.060006856918334961e-01 3.950648754835128784e-02 7.060039043426513672e-01
1.989391893148422241e-01 7.107908278703689575e-02 -1.499998569488525391e-02 3.950611129403114319e-02 -7.060004472732543945e-01 3.950705379247665405e-02 7.060042023658752441e-01
1.989391893148422241e-01 7.107908278703689575e-02 -1.499998569488525391e-02 3.950648754835128784e-02 -7.060003876686096191e-01 3.950667753815650940e-02 7.060042023658752441e-01
1.989391893148422241e-01 7.107908278703689575e-02 -1.499998569488525391e-02 3.950648754835128784e-02 -7.060003876686096191e-01 3.950667753815650940e-02 7.060042619705200195e-01
1.989391893148422241e-01 7.107908278703689575e-02 -1.499998569488525391e-02 3.950648754835128784e-02 -7.060004472732543945e-01 3.950648754835128784e-02 7.060041427612304688e-01
1.989391893148422241e-01 7.107908278703689575e-02 -1.499998569488525391e-02 3.950629755854606628e-02 -7.060004472732543945e-01 3.950648754835128784e-02 7.060041427612304688e-01
1.989391893148422241e-01 7.107908278703689575e-02 -1.499998569488525391e-02 3.950535506010055542e-02 -7.060002088546752930e-01 3.950667753815650940e-02 7.060043811798095703e-01
1.989391893148422241e-01 7.107908278703689575e-02 -1.499998569488525391e-02 3.950592130422592163e-02 -7.060004472732543945e-01 3.950667753815650940e-02 7.060041427612304688e-01
1.989392042160034180e-01 7.107908278703689575e-02 -1.499998569488525391e-02 3.950629755854606628e-02 -7.060006856918334961e-01 3.950648754835128784e-02 7.060039043426513672e-01
1.989391893148422241e-01 7.107908278703689575e-02 -1.499998569488525391e-02 3.950611129403114319e-02 -7.060004472732543945e-01 3.950705379247665405e-02 7.060042023658752441e-01
1.989391893148422241e-01 7.107908278703689575e-02 -1.499998569488525391e-02 3.950648754835128784e-02 -7.060003876686096191e-01 3.950667753815650940e-02 7.060042023658752441e-01
1.989391893148422241e-01 7.107908278703689575e-02 -1.499998569488525391e-02 3.950648754835128784e-02 -7.060003876686096191e-01 3.950667753815650940e-02 7.060042619705200195e-01
1.989391893148422241e-01 7.107908278703689575e-02 -1.499998569488525391e-02 3.950648754835128784e-02 -7.060004472732543945e-01 3.950648754835128784e-02 7.060041427612304688e-01
1.989391893148422241e-01 7.107908278703689575e-02 -1.499998569488525391e-02 3.950629755854606628e-02 -7.060004472732543945e-01 3.950648754835128784e-02 7.060041427612304688e-01
1.989391893148422241e-01 7.107908278703689575e-02 -1.499998569488525391e-02 3.950535506010055542e-02 -7.060002088546752930e-01 3.950667753815650940e-02 7.060043811798095703e-01
1.989392042160034180e-01 7.107908278703689575e-02 -1.499998569488525391e-02 3.950592130422592163e-02 -7.060004472732543945e-01 3.950648754835128784e-02 7.060042023658752441e-01
1.989391893148422241e-01 7.107908278703689575e-02 -1.499998569488525391e-02 3.950648754835128784e-02 -7.060002088546752930e-01 3.950648754835128784e-02 7.060043215751647949e-01
1.989392042160034180e-01 7.107908278703689575e-02 -1.499998569488525391e-02 3.950592130422592163e-02 -7.060005664825439453e-01 3.950667753815650940e-02 7.060040831565856934e-01
1.989391893148422241e-01 7.107908278703689575e-02 -1.499998569488525391e-02 3.950592130422592163e-02 -7.060004472732543945e-01 3.950667753815650940e-02 7.060041427612304688e-01
1.989392042160034180e-01 7.107908278703689575e-02 -1.499998569488525391e-02 3.950629755854606628e-02 -7.060006856918334961e-01 3.950648754835128784e-02 7.060039043426513672e-01
1.989391893148422241e-01 7.107908278703689575e-02 -1.499998569488525391e-02 3.950611129403114319e-02 -7.060004472732543945e-01 3.950705379247665405e-02 7.060042023658752441e-01
1.989391893148422241e-01 7.107908278703689575e-02 -1.499998569488525391e-02 3.950648754835128784e-02 -7.060003876686096191e-01 3.950667753815650940e-02 7.060042023658752441e-01
1.989391893148422241e-01 7.107908278703689575e-02 -1.499998569488525391e-02 3.950648754835128784e-02 -7.060003876686096191e-01 3.950667753815650940e-02 7.060042619705200195e-01
1.989391893148422241e-01 7.107908278703689575e-02 -1.499998569488525391e-02 3.950648754835128784e-02 -7.060004472732543945e-01 3.950648754835128784e-02 7.060041427612304688e-01
1.989391893148422241e-01 7.107908278703689575e-02 -1.499998569488525391e-02 3.950629755854606628e-02 -7.060004472732543945e-01 3.950648754835128784e-02 7.060041427612304688e-01
1.989391893148422241e-01 7.107908278703689575e-02 -1.499998569488525391e-02 3.950535506010055542e-02 -7.060002088546752930e-01 3.950667753815650940e-02 7.060043811798095703e-01
1.989392042160034180e-01 7.107908278703689575e-02 -1.499998569488525391e-02 3.950592130422592163e-02 -7.060004472732543945e-01 3.950648754835128784e-02 7.060042023658752441e-01
1.989391893148422241e-01 7.107908278703689575e-02 -1.499998569488525391e-02 3.950648754835128784e-02 -7.060002088546752930e-01 3.950648754835128784e-02 7.060043215751647949e-01
1.989392042160034180e-01 7.107908278703689575e-02 -1.499998569488525391e-02 3.950592130422592163e-02 -7.060005664825439453e-01 3.950667753815650940e-02 7.060040831565856934e-01
1.989391893148422241e-01 7.107908278703689575e-02 -1.499998569488525391e-02 3.950592130422592163e-02 -7.060004472732543945e-01 3.950667753815650940e-02 7.060041427612304688e-01
1.989392042160034180e-01 7.107908278703689575e-02 -1.499998569488525391e-02 3.950629755854606628e-02 -7.060006856918334961e-01 3.950648754835128784e-02 7.060039043426513672e-01
1.989391893148422241e-01 7.107908278703689575e-02 -1.499998569488525391e-02 3.950611129403114319e-02 -7.060004472732543945e-01 3.950705379247665405e-02 7.060042023658752441e-01
1.989391893148422241e-01 7.107908278703689575e-02 -1.499998569488525391e-02 3.950648754835128784e-02 -7.060003876686096191e-01 3.950667753815650940e-02 7.060042023658752441e-01
1.989391893148422241e-01 7.107908278703689575e-02 -1.499998569488525391e-02 3.950648754835128784e-02 -7.060003876686096191e-01 3.950667753815650940e-02 7.060042619705200195e-01
1.989391893148422241e-01 7.107908278703689575e-02 -1.499998569488525391e-02 3.950648754835128784e-02 -7.060004472732543945e-01 3.950648754835128784e-02 7.060041427612304688e-01
1.989391893148422241e-01 7.107908278703689575e-02 -1.499998569488525391e-02 3.950629755854606628e-02 -7.060004472732543945e-01 3.950648754835128784e-02 7.060041427612304688e-01
1.989391893148422241e-01 7.107908278703689575e-02 -1.499998569488525391e-02 3.950535506010055542e-02 -7.060002088546752930e-01 3.950667753815650940e-02 7.060043811798095703e-01
1.989392042160034180e-01 7.107908278703689575e-02 -1.499998569488525391e-02 3.950592130422592163e-02 -7.060004472732543945e-01 3.950648754835128784e-02 7.060042023658752441e-01
1.989391893148422241e-01 7.107908278703689575e-02 -1.499998569488525391e-02 3.950648754835128784e-02 -7.060002088546752930e-01 3.950648754835128784e-02 7.060043215751647949e-01
1.989392042160034180e-01 7.107908278703689575e-02 -1.499998569488525391e-02 3.950592130422592163e-02 -7.060005664825439453e-01 3.950667753815650940e-02 7.060040831565856934e-01
1.989391893148422241e-01 7.107908278703689575e-02 -1.499998569488525391e-02 3.950592130422592163e-02 -7.060004472732543945e-01 3.950667753815650940e-02 7.060041427612304688e-01
1.989392042160034180e-01 7.107908278703689575e-02 -1.499998569488525391e-02 3.950629755854606628e-02 -7.060006856918334961e-01 3.950648754835128784e-02 7.060039043426513672e-01
1.989391893148422241e-01 7.107908278703689575e-02 -1.499998569488525391e-02 3.950611129403114319e-02 -7.060004472732543945e-01 3.950705379247665405e-02 7.060042023658752441e-01
1.989391893148422241e-01 7.107908278703689575e-02 -1.499998569488525391e-02 3.950648754835128784e-02 -7.060003876686096191e-01 3.950667753815650940e-02 7.060042023658752441e-01
1.989391893148422241e-01 7.107908278703689575e-02 -1.499998569488525391e-02 3.950648754835128784e-02 -7.060003876686096191e-01 3.950667753815650940e-02 7.060042619705200195e-01
1.989391893148422241e-01 7.107908278703689575e-02 -1.499998569488525391e-02 3.950648754835128784e-02 -7.060004472732543945e-01 3.950648754835128784e-02 7.060041427612304688e-01
1.989391893148422241e-01 7.107908278703689575e-02 -1.499998569488525391e-02 3.950629755854606628e-02 -7.060004472732543945e-01 3.950648754835128784e-02 7.060041427612304688e-01
1.989391893148422241e-01 7.107908278703689575e-02 -1.499998569488525391e-02 3.950535506010055542e-02 -7.060002088546752930e-01 3.950667753815650940e-02 7.060043811798095703e-01
1.989392042160034180e-01 7.107908278703689575e-02 -1.499998569488525391e-02 3.950592130422592163e-02 -7.060004472732543945e-01 3.950648754835128784e-02 7.060042023658752441e-01
1.989391893148422241e-01 7.107908278703689575e-02 -1.499998569488525391e-02 3.950648754835128784e-02 -7.060002088546752930e-01 3.950648754835128784e-02 7.060043215751647949e-01
1.989392042160034180e-01 7.107908278703689575e-02 -1.499998569488525391e-02 3.950592130422592163e-02 -7.060005664825439453e-01 3.950667753815650940e-02 7.060040831565856934e-01
1.989391893148422241e-01 7.107908278703689575e-02 -1.499998569488525391e-02 3.950592130422592163e-02 -7.060004472732543945e-01 3.950667753815650940e-02 7.060041427612304688e-01
1.989392042160034180e-01 7.107908278703689575e-02 -1.499998569488525391e-02 3.950629755854606628e-02 -7.060006856918334961e-01 3.950648754835128784e-02 7.060039043426513672e-01
1.989391893148422241e-01 7.107908278703689575e-02 -1.499998569488525391e-02 3.950611129403114319e-02 -7.060004472732543945e-01 3.950705379247665405e-02 7.060042023658752441e-01
1.989391893148422241e-01 7.107908278703689575e-02 -1.499998569488525391e-02 3.950648754835128784e-02 -7.060003876686096191e-01 3.950667753815650940e-02 7.060042023658752441e-01
1.989391893148422241e-01 7.107908278703689575e-02 -1.499998569488525391e-02 3.950648754835128784e-02 -7.060003876686096191e-01 3.950667753815650940e-02 7.060042619705200195e-01
1.989391893148422241e-01 7.107908278703689575e-02 -1.499998569488525391e-02 3.950648754835128784e-02 -7.060004472732543945e-01 3.950648754835128784e-02 7.060041427612304688e-01
1.989391893148422241e-01 7.107908278703689575e-02 -1.499998569488525391e-02 3.950535506010055542e-02 -7.060002088546752930e-01 3.950667753815650940e-02 7.060043811798095703e-01
1.989392042160034180e-01 7.107908278703689575e-02 -1.499998569488525391e-02 3.950592130422592163e-02 -7.060004472732543945e-01 3.950648754835128784e-02 7.060042023658752441e-01
1.988972127437591553e-01 7.112955302000045776e-02 -1.521173119544982910e-02 4.086457565426826477e-02 -7.053273320198059082e-01 3.700603172183036804e-02 7.067347764968872070e-01
1.991884112358093262e-01 7.192549109458923340e-02 -1.696825027465820312e-02 5.778878554701805115e-02 -7.072842121124267578e-01 1.459748670458793640e-02 7.044121026992797852e-01
1.991354674100875854e-01 7.252159714698791504e-02 -1.814958453178405762e-02 7.019010931253433228e-02 -7.052972316741943359e-01 -1.118792919442057610e-03 7.054274678230285645e-01
1.992319971323013306e-01 7.285557687282562256e-02 -1.882815361022949219e-02 7.680919766426086426e-02 -7.074171900749206543e-01 -8.081571198999881744e-03 7.025638818740844727e-01
1.993632763624191284e-01 7.336091995239257812e-02 -2.035960555076599121e-02 9.456998854875564575e-02 -7.027419209480285645e-01 -3.014518879354000092e-02 7.044867873191833496e-01
1.994315981864929199e-01 7.182359695434570312e-02 -2.856424450874328613e-02 2.091390490531921387e-01 -6.754997372627258301e-01 -1.547160744667053223e-01 6.899448633193969727e-01
1.957267522811889648e-01 7.082229852676391602e-02 -2.966740727424621582e-02 1.905511766672134399e-01 -6.809459328651428223e-01 -2.134683728218078613e-01 6.741172671318054199e-01
1.959581375122070312e-01 7.158012688159942627e-02 -3.173926472663879395e-02 2.365053594112396240e-01 -6.663737297058105469e-01 -2.545495927333831787e-01 6.597088575363159180e-01
2.000573128461837769e-01 5.122631788253784180e-02 -1.499998569488525391e-02 -4.890557751059532166e-02 -7.054138779640197754e-01 -4.890573024749755859e-02 7.054131627082824707e-01
2.000573128461837769e-01 5.122630670666694641e-02 -1.499998569488525391e-02 -4.890618845820426941e-02 -7.054136395454406738e-01 -4.890512302517890930e-02 7.054134011268615723e-01
2.000573128461837769e-01 5.122631415724754333e-02 -1.500001549720764160e-02 -4.890512302517890930e-02 -7.054137587547302246e-01 -4.890573024749755859e-02 7.054133415222167969e-01
2.000573128461837769e-01 5.122631043195724487e-02 -1.499998569488525391e-02 -4.890603572130203247e-02 -7.054136395454406738e-01 -4.890527203679084778e-02 7.054134011268615723e-01
1.993304640054702759e-01 5.099783465266227722e-02 -1.501128077507019043e-02 -4.530042409896850586e-02 -7.056539654731750488e-01 -4.504427686333656311e-02 7.056708335876464844e-01
1.989982128143310547e-01 5.071374028921127319e-02 -1.503416895866394043e-02 -4.013385251164436340e-02 -7.050720453262329102e-01 -4.028949141502380371e-02 7.068517804145812988e-01
1.982924789190292358e-01 5.078936368227005005e-02 -1.504674553871154785e-02 -4.185641184449195862e-02 -7.047352194786071777e-01 -4.196609929203987122e-02 7.069902420043945312e-01
1.977976411581039429e-01 5.066341534256935120e-02 -1.505264639854431152e-02 -3.159947320818901062e-02 -7.067056894302368164e-01 -3.076075017452239990e-02 7.061319947242736816e-01
1.970278024673461914e-01 5.086405202746391296e-02 -1.500397920608520508e-02 -1.899125427007675171e-02 -7.067804336547851562e-01 -1.897594705224037170e-02 7.069234251976013184e-01
1.973617821931838989e-01 5.105698481202125549e-02 -1.522621512413024902e-02 -5.457785446196794510e-03 -7.124276161193847656e-01 -5.552522372454404831e-03 7.017024159431457520e-01
1.974495649337768555e-01 5.105896666646003723e-02 -1.523095369338989258e-02 -5.145810078829526901e-03 -7.123932242393493652e-01 -5.124046001583337784e-03 7.017429471015930176e-01
1.974989175796508789e-01 5.328559502959251404e-02 -2.259689569473266602e-02 -4.488470964133739471e-03 -7.038295269012451172e-01 -6.213606800884008408e-03 7.103275656700134277e-01
1.973076164722442627e-01 5.648324638605117798e-02 -3.223547339439392090e-02 -8.771242573857307434e-03 -6.949896812438964844e-01 -2.053540432825684547e-03 7.189632654190063477e-01
1.960835307836532593e-01 6.151624023914337158e-02 -4.204878211021423340e-02 -1.854665391147136688e-02 -6.878651976585388184e-01 6.103515625000000000e-04 7.256013154983520508e-01
1.947724074125289917e-01 6.911432743072509766e-02 -5.059325695037841797e-02 -2.914618887007236481e-02 -6.783204674720764160e-01 3.437531180679798126e-03 7.341798543930053711e-01
1.929839253425598145e-01 7.813034951686859131e-02 -5.713188648223876953e-02 -4.027524963021278381e-02 -6.720681190490722656e-01 8.503842167556285858e-03 7.393443584442138672e-01
1.894019544124603271e-01 8.744689077138900757e-02 -6.279572844505310059e-02 -5.024554207921028137e-02 -6.692276000976562500e-01 1.758532971143722534e-02 7.411481142044067383e-01
1.832572668790817261e-01 9.646835923194885254e-02 -6.720048189163208008e-02 -6.124110892415046692e-02 -6.688898205757141113e-01 2.743813768029212952e-02 7.403263449668884277e-01
1.756274700164794922e-01 1.050459593534469604e-01 -7.128953933715820312e-02 -7.297262549400329590e-02 -6.685202717781066895e-01 3.791339695453643799e-02 7.391334772109985352e-01
1.681430190801620483e-01 1.127994507551193237e-01 -7.520112395286560059e-02 -8.522763848304748535e-02 -6.678054332733154297e-01 4.914827272295951843e-02 7.378052473068237305e-01
1.616175770759582520e-01 1.199521496891975403e-01 -7.992744445800781250e-02 -9.970671683549880981e-02 -6.667914986610412598e-01 6.240575388073921204e-02 7.359029650688171387e-01
1.561744064092636108e-01 1.256189495325088501e-01 -8.520391583442687988e-02 -1.176225841045379639e-01 -6.651013493537902832e-01 7.887641340494155884e-02 7.332009673118591309e-01
1.504264920949935913e-01 1.307884156703948975e-01 -9.091332554817199707e-02 -1.367789506912231445e-01 -6.626979708671569824e-01 9.620666503906250000e-02 7.299775481224060059e-01
1.453334093093872070e-01 1.358029693365097046e-01 -9.605690836906433105e-02 -1.570871770381927490e-01 -6.577304601669311523e-01 1.151790842413902283e-01 7.276318669319152832e-01
1.418299525976181030e-01 1.423783451318740845e-01 -1.006009876728057861e-01 -1.759960949420928955e-01 -6.546069383621215820e-01 1.325897127389907837e-01 7.231425642967224121e-01
1.395639777183532715e-01 1.502798646688461304e-01 -1.044565737247467041e-01 -1.938230246305465698e-01 -6.511207222938537598e-01 1.488088667392730713e-01 7.185612916946411133e-01
1.368076652288436890e-01 1.577181220054626465e-01 -1.079293191432952881e-01 -2.117933332920074463e-01 -6.470690965652465820e-01 1.649132817983627319e-01 7.136166691780090332e-01
1.333502233028411865e-01 1.639995127916336060e-01 -1.112954914569854736e-01 -2.303870171308517456e-01 -6.401482224464416504e-01 1.826929301023483276e-01 7.097572684288024902e-01
1.311399340629577637e-01 1.710293143987655640e-01 -1.142481267452239990e-01 -2.478268444538116455e-01 -6.329001188278198242e-01 1.998178064823150635e-01 7.057564258575439453e-01
1.309604048728942871e-01 1.804873347282409668e-01 -1.157973706722259521e-01 -2.627273499965667725e-01 -6.282998919486999512e-01 2.134351432323455811e-01 7.004706263542175293e-01
1.310869157314300537e-01 1.903318315744400024e-01 -1.160416901111602783e-01 -2.753646075725555420e-01 -6.221679449081420898e-01 2.259144484996795654e-01 6.971685886383056641e-01
1.310067474842071533e-01 2.001138776540756226e-01 -1.171340048313140869e-01 -2.883277535438537598e-01 -6.153843998908996582e-01 2.390059977769851685e-01 6.935742497444152832e-01
1.309439092874526978e-01 2.095953822135925293e-01 -1.173782646656036377e-01 -3.022418022155761719e-01 -6.079101562500000000e-01 2.529276311397552490e-01 6.892914772033691406e-01
1.308150291442871094e-01 2.181632071733474731e-01 -1.192684471607208252e-01 -3.167810738086700439e-01 -5.999188423156738281e-01 2.673354148864746094e-01 6.843090653419494629e-01
1.290876865386962891e-01 2.259362041950225830e-01 -1.216819584369659424e-01 -3.320009410381317139e-01 -5.914202332496643066e-01 2.820487022399902344e-01 6.785616874694824219e-01
1.258668750524520874e-01 2.334374338388442993e-01 -1.240004599094390869e-01 -3.473573029041290283e-01 -5.848608613014221191e-01 2.953332662582397461e-01 6.708643436431884766e-01
1.220164299011230469e-01 2.410174906253814697e-01 -1.255412995815277100e-01 -3.620895147323608398e-01 -5.782290697097778320e-01 3.079924881458282471e-01 6.630859375000000000e-01
1.179066076874732971e-01 2.483315914869308472e-01 -1.269675791263580322e-01 -3.761123120784759521e-01 -5.690070390701293945e-01 3.219920396804809570e-01 6.565756797790527344e-01
1.159602776169776917e-01 2.566067278385162354e-01 -1.272082626819610596e-01 -3.890924155712127686e-01 -5.625831484794616699e-01 3.335228562355041504e-01 6.487447619438171387e-01
1.158359050750732422e-01 2.650710642337799072e-01 -1.272791326045989990e-01 -4.026062190532684326e-01 -5.552270412445068359e-01 3.415375947952270508e-01 6.426376700401306152e-01
1.158134043216705322e-01 2.717206180095672607e-01 -1.273390948772430420e-01 -4.154047667980194092e-01 -5.479999780654907227e-01 3.488414883613586426e-01 6.367452144622802734e-01
1.157959327101707458e-01 2.773348391056060791e-01 -1.274154484272003174e-01 -4.281593263149261475e-01 -5.405640602111816406e-01 3.563681244850158691e-01 6.304537057876586914e-01
1.157647967338562012e-01 2.815756797790527344e-01 -1.274819672107696533e-01 -4.386159181594848633e-01 -5.345225930213928223e-01 3.653299808502197266e-01 6.232460737228393555e-01
1.157563701272010803e-01 2.846545577049255371e-01 -1.275593936443328857e-01 -4.490598440170288086e-01 -5.282848477363586426e-01 3.741959333419799805e-01 6.158229112625122070e-01
1.157227829098701477e-01 2.856841087341308594e-01 -1.276753842830657959e-01 -4.599265456199645996e-01 -5.214843153953552246e-01 3.835503756999969482e-01 6.077917218208312988e-01
1.157260835170745850e-01 2.855199873447418213e-01 -1.278144419193267822e-01 -4.711343646049499512e-01 -5.142225027084350586e-01 3.931335806846618652e-01 5.992107987403869629e-01
1.191715598106384277e-01 2.854162454605102539e-01 -1.278500854969024658e-01 -4.800715744495391846e-01 -5.081311464309692383e-01 4.011757671833038330e-01 5.919392108917236328e-01
1.262165009975433350e-01 2.887055575847625732e-01 -1.257518827915191650e-01 -4.884909987449645996e-01 -5.016947388648986816e-01 4.042332768440246582e-01 5.884507894515991211e-01
1.325023472309112549e-01 2.925015091896057129e-01 -1.233657896518707275e-01 -4.962643086910247803e-01 -4.955324530601501465e-01 4.067379534244537354e-01 5.854344964027404785e-01
1.375504583120346069e-01 2.963275909423828125e-01 -1.213650405406951904e-01 -5.043520927429199219e-01 -4.892174303531646729e-01 4.097976386547088623e-01 5.816882252693176270e-01
1.420430243015289307e-01 3.009196817874908447e-01 -1.194809973239898682e-01 -5.121052861213684082e-01 -4.830388128757476807e-01 4.127395153045654297e-01 5.779860019683837891e-01
1.445028036832809448e-01 3.054862022399902344e-01 -1.169590055942535400e-01 -5.173054933547973633e-01 -4.792387485504150391e-01 4.167628884315490723e-01 5.736148357391357422e-01
1.448062360286712646e-01 3.105923533439636230e-01 -1.146456301212310791e-01 -5.220612883567810059e-01 -4.757204353809356689e-01 4.205029010772705078e-01 5.694904923439025879e-01
1.447321772575378418e-01 3.150551617145538330e-01 -1.126534044742584229e-01 -5.271551012992858887e-01 -4.719075858592987061e-01 4.245573580265045166e-01 5.649440288543701172e-01
1.447383016347885132e-01 3.202142119407653809e-01 -1.101700961589813232e-01 -5.322622656822204590e-01 -4.680715203285217285e-01 4.288248717784881592e-01 5.601028203964233398e-01
1.446873843669891357e-01 3.248604238033294678e-01 -1.080241501331329346e-01 -5.377771258354187012e-01 -4.638227522373199463e-01 4.333177804946899414e-01 5.548872947692871094e-01
1.445977389812469482e-01 3.279218077659606934e-01 -1.062270700931549072e-01 -5.437835454940795898e-01 -4.591344296932220459e-01 4.382817447185516357e-01 5.490028858184814453e-01
1.445670276880264282e-01 3.276458978652954102e-01 -1.056956350803375244e-01 -5.458374023437500000e-01 -4.576586186885833740e-01 4.397932589054107666e-01 5.469844341278076172e-01
1.445754021406173706e-01 3.276562690734863281e-01 -1.045417487621307373e-01 -5.458464026451110840e-01 -4.576378166675567627e-01 4.398062229156494141e-01 5.469824671745300293e-01
1.416253298521041870e-01 3.275803029537200928e-01 -1.011003553867340088e-01 -5.459999442100524902e-01 -4.573031663894653320e-01 4.396921396255493164e-01 5.472007989883422852e-01
1.385324299335479736e-01 3.288706541061401367e-01 -9.713867306709289551e-02 -5.458672642707824707e-01 -4.574324190616607666e-01 4.397524595260620117e-01 5.471766591072082520e-01
1.355755776166915894e-01 3.308627903461456299e-01 -9.366169571876525879e-02 -5.443544387817382812e-01 -4.554409682750701904e-01 4.415760934352874756e-01 5.488736629486083984e-01
1.334537714719772339e-01 3.334697782993316650e-01 -9.103384613990783691e-02 -5.414279103279113770e-01 -4.520154595375061035e-01 4.451893270015716553e-01 5.516740679740905762e-01
1.325662732124328613e-01 3.369143009185791016e-01 -9.068152308464050293e-02 -5.410032868385314941e-01 -4.525798857212066650e-01 4.453324973583221436e-01 5.515123009681701660e-01
1.341140568256378174e-01 3.388704359531402588e-01 -9.059146046638488770e-02 -5.409186482429504395e-01 -4.527853727340698242e-01 4.453362524509429932e-01 5.514236688613891602e-01
1.372722089290618896e-01 3.429147303104400635e-01 -9.048530459403991699e-02 -5.409957170486450195e-01 -4.526809751987457275e-01 4.452300369739532471e-01 5.515195131301879883e-01
1.372584998607635498e-01 3.429340124130249023e-01 -8.921226859092712402e-02 -5.410028696060180664e-01 -4.526696801185607910e-01 4.452533423900604248e-01 5.515029430389404297e-01
1.380864679813385010e-01 3.432898521423339844e-01 -8.767375349998474121e-02 -5.423711538314819336e-01 -4.490043818950653076e-01 4.465963542461395264e-01 5.520691275596618652e-01
1.383090913295745850e-01 3.446830511093139648e-01 -8.785364031791687012e-02 -5.433461666107177734e-01 -4.491631984710693359e-01 4.468818008899688721e-01 5.507485866546630859e-01
1.375387758016586304e-01 3.445099294185638428e-01 -8.783778548240661621e-02 -5.433367490768432617e-01 -4.490120708942413330e-01 4.466137886047363281e-01 5.510984063148498535e-01
1.356071978807449341e-01 3.449007272720336914e-01 -8.752414584159851074e-02 -5.439571738243103027e-01 -4.479790329933166504e-01 4.471380412578582764e-01 5.509019494056701660e-01
1.355996578931808472e-01 3.447428941726684570e-01 -8.594569563865661621e-02 -5.441644787788391113e-01 -4.483229815959930420e-01 4.468859136104583740e-01 5.506218671798706055e-01
1.355220824480056763e-01 3.447006940841674805e-01 -8.356565237045288086e-02 -5.437899231910705566e-01 -4.484088420867919922e-01 4.469136595726013184e-01 5.508994460105895996e-01
1.351732164621353149e-01 3.450900316238403320e-01 -8.102381229400634766e-02 -5.450783371925354004e-01 -4.484450221061706543e-01 4.472924172878265381e-01 5.492869019508361816e-01
1.342116594314575195e-01 3.458180129528045654e-01 -7.885667681694030762e-02 -5.434117317199707031e-01 -4.501074254512786865e-01 4.435744285583496094e-01 5.525836348533630371e-01
1.325518041849136353e-01 3.461602628231048584e-01 -7.528707385063171387e-02 -5.318397283554077148e-01 -4.627732634544372559e-01 4.335131943225860596e-01 5.612964630126953125e-01
1.307861953973770142e-01 3.460268974304199219e-01 -7.136839628219604492e-02 -5.292345881462097168e-01 -4.660502970218658447e-01 4.332053065299987793e-01 5.612851381301879883e-01
1.299963742494583130e-01 3.455520272254943848e-01 -7.149228453636169434e-02 -5.248422622680664062e-01 -4.632578790187835693e-01 4.623306095600128174e-01 5.442271232604980469e-01
1.275716722011566162e-01 3.457513451576232910e-01 -7.121887803077697754e-02 -4.988881647586822510e-01 -4.616286456584930420e-01 4.866031408309936523e-01 5.488415360450744629e-01
1.262858659029006958e-01 3.454820215702056885e-01 -7.113483548164367676e-02 -4.915616810321807861e-01 -4.546515047550201416e-01 4.971897602081298828e-01 5.517802834510803223e-01
1.248838901519775391e-01 3.450486958026885986e-01 -7.100549340248107910e-02 -4.820419251918792725e-01 -4.478972554206848145e-01 5.113995075225830078e-01 5.527153015136718750e-01
1.238084286451339722e-01 3.447701632976531982e-01 -7.083860039710998535e-02 -4.737662971019744873e-01 -4.428297579288482666e-01 5.222513079643249512e-01 5.538057684898376465e-01
1.238444074988365173e-01 3.447690308094024658e-01 -7.085320353507995605e-02 -4.743456840515136719e-01 -4.427457749843597412e-01 5.217517614364624023e-01 5.538478493690490723e-01
1.238591820001602173e-01 3.447968959808349609e-01 -7.085701823234558105e-02 -4.746258556842803955e-01 -4.426217377185821533e-01 5.212129354476928711e-01 5.542141199111938477e-01
1.238295584917068481e-01 3.447980582714080811e-01 -7.085463404655456543e-02 -4.743285775184631348e-01 -4.425014555454254150e-01 5.215281844139099121e-01 5.542681813240051270e-01
1.238539293408393860e-01 3.447757065296173096e-01 -7.085493206977844238e-02 -4.746726751327514648e-01 -4.425018429756164551e-01 5.213750004768371582e-01 5.541174411773681641e-01
1.238897964358329773e-01 3.447815179824829102e-01 -7.086008787155151367e-02 -4.747348725795745850e-01 -4.428635537624359131e-01 5.212695002555847168e-01 5.538743138313293457e-01
1.238364204764366150e-01 3.447938859462738037e-01 -7.085824012756347656e-02 -4.743706583976745605e-01 -4.425461292266845703e-01 5.215231180191040039e-01 5.542012453079223633e-01
1.238349676132202148e-01 3.447589278221130371e-01 -7.085299491882324219e-02 -4.743975400924682617e-01 -4.425730109214782715e-01 5.218167304992675781e-01 5.538802742958068848e-01
1.238661929965019226e-01 3.447747528553009033e-01 -7.085528969764709473e-02 -4.745889902114868164e-01 -4.427472352981567383e-01 5.214485526084899902e-01 5.539238452911376953e-01
1.238320544362068176e-01 3.447612226009368896e-01 -7.085326313972473145e-02 -4.743232727050781250e-01 -4.426608979701995850e-01 5.218398571014404297e-01 5.538519620895385742e-01
1.238628998398780823e-01 3.447851836681365967e-01 -7.085356116294860840e-02 -4.744287431240081787e-01 -4.428301751613616943e-01 5.215069055557250977e-01 5.539398789405822754e-01
1.238540038466453552e-01 3.447730839252471924e-01 -7.085430622100830078e-02 -4.743923842906951904e-01 -4.428278803825378418e-01 5.216419100761413574e-01 5.538457036018371582e-01
1.238558441400527954e-01 3.447935879230499268e-01 -7.086044549942016602e-02 -4.743040502071380615e-01 -4.428860247135162354e-01 5.215716361999511719e-01 5.539410114288330078e-01
1.238468959927558899e-01 3.447853326797485352e-01 -7.086083292961120605e-02 -4.743910431861877441e-01 -4.427056014537811279e-01 5.215784311294555664e-01 5.540044307708740234e-01
1.238380745053291321e-01 3.447599411010742188e-01 -7.084575295448303223e-02 -4.737586081027984619e-01 -4.432092308998107910e-01 5.223977565765380859e-01 5.533705353736877441e-01
1.238710656762123108e-01 3.447812795639038086e-01 -7.085460424423217773e-02 -4.744826555252075195e-01 -4.428889453411102295e-01 5.214838385581970215e-01 5.538684129714965820e-01
1.238775327801704407e-01 3.447858393192291260e-01 -7.086125016212463379e-02 -4.748099148273468018e-01 -4.426618516445159912e-01 5.211416482925415039e-01 5.540915131568908691e-01
1.238576769828796387e-01 3.447962701320648193e-01 -7.086127996444702148e-02 -4.744178056716918945e-01 -4.428396522998809814e-01 5.214377045631408691e-01 5.540067553520202637e-01
1.238409131765365601e-01 3.447984158992767334e-01 -7.085761427879333496e-02 -4.742251336574554443e-01 -4.427438378334045410e-01 5.216109156608581543e-01 5.540852546691894531e-01
1.238455623388290405e-01 3.447635769844055176e-01 -7.085573673248291016e-02 -4.745287299156188965e-01 -4.425837099552154541e-01 5.216449499130249023e-01 5.539211630821228027e-01
1.238389834761619568e-01 3.447610437870025635e-01 -7.085740566253662109e-02 -4.743894338607788086e-01 -4.426537454128265381e-01 5.218225121498107910e-01 5.538172721862792969e-01
1.238783895969390869e-01 3.447789251804351807e-01 -7.086017727851867676e-02 -4.748465418815612793e-01 -4.426144063472747803e-01 5.212000012397766113e-01 5.540431141853332520e-01
1.238476932048797607e-01 3.447780907154083252e-01 -7.085677981376647949e-02 -4.745977520942687988e-01 -4.425366818904876709e-01 5.214196443557739258e-01 5.541117787361145020e-01
1.238282397389411926e-01 3.447664082050323486e-01 -7.085236907005310059e-02 -4.743199646472930908e-01 -4.426091015338897705e-01 5.217802524566650391e-01 5.539523363113403320e-01
1.238538026809692383e-01 3.447714149951934814e-01 -7.085612416267395020e-02 -4.745376706123352051e-01 -4.426385462284088135e-01 5.215454101562500000e-01 5.539634823799133301e-01
1.238490268588066101e-01 3.448047041893005371e-01 -7.085204124450683594e-02 -4.743740260601043701e-01 -4.427522718906402588e-01 5.213620066642761230e-01 5.541852712631225586e-01
1.238593384623527527e-01 3.447570502758026123e-01 -7.085895538330078125e-02 -4.749060869216918945e-01 -4.423343241214752197e-01 5.213852524757385254e-01 5.540414452552795410e-01
1.238275617361068726e-01 3.447958230972290039e-01 -7.084605097770690918e-02 -4.738720655441284180e-01 -4.430342018604278564e-01 5.218629240989685059e-01 5.539179444313049316e-01
1.238536387681961060e-01 3.447799682617187500e-01 -7.085502147674560547e-02 -4.742603898048400879e-01 -4.429529607295989990e-01 5.217037796974182129e-01 5.538004636764526367e-01
1.238296031951904297e-01 3.447565734386444092e-01 -7.084819674491882324e-02 -4.740068018436431885e-01 -4.428679347038269043e-01 5.221909284591674805e-01 5.536263585090637207e-01
1.238636523485183716e-01 3.447508513927459717e-01 -7.085788249969482422e-02 -4.745222628116607666e-01 -4.428091943264007568e-01 5.217719674110412598e-01 5.536268353462219238e-01
1.238744929432868958e-01 3.447737395763397217e-01 -7.085889577865600586e-02 -4.747642874717712402e-01 -4.426838159561157227e-01 5.213286280632019043e-01 5.539371371269226074e-01
1.239063292741775513e-01 3.447793126106262207e-01 -7.086226344108581543e-02 -4.748473465442657471e-01 -4.429140090942382812e-01 5.211945772171020508e-01 5.538080334663391113e-01
1.238913834095001221e-01 3.447648286819458008e-01 -7.086241245269775391e-02 -4.746781885623931885e-01 -4.429279565811157227e-01 5.215128064155578613e-01 5.536423325538635254e-01
1.238418370485305786e-01 3.447768688201904297e-01 -7.085952162742614746e-02 -4.740408062934875488e-01 -4.430164992809295654e-01 5.219781398773193359e-01 5.536790490150451660e-01
1.238783895969390869e-01 3.447898924350738525e-01 -7.085621356964111328e-02 -4.743563830852508545e-01 -4.431142508983612061e-01 5.215117335319519043e-01 5.537700057029724121e-01
1.238495931029319763e-01 3.447919785976409912e-01 -7.085877656936645508e-02 -4.740191698074340820e-01 -4.431636333465576172e-01 5.218450427055358887e-01 5.537053942680358887e-01
1.238374933600425720e-01 3.447650074958801270e-01 -7.084867358207702637e-02 -4.740121364593505859e-01 -4.429430961608886719e-01 5.221056938171386719e-01 5.536420941352844238e-01
1.238571181893348694e-01 3.447612524032592773e-01 -7.085505127906799316e-02 -4.742782115936279297e-01 -4.429601728916168213e-01 5.219038128852844238e-01 5.535908937454223633e-01
1.230594441294670105e-01 3.443763256072998047e-01 -7.073405385017395020e-02 -4.629081487655639648e-01 -4.452418982982635498e-01 5.360877513885498047e-01 5.478007793426513672e-01
1.235639750957489014e-01 3.443895280361175537e-01 -7.082909345626831055e-02 -4.659571051597595215e-01 -4.483213424682617188e-01 5.333790779113769531e-01 5.453427433967590332e-01
1.235750690102577209e-01 3.444259762763977051e-01 -7.083636522293090820e-02 -4.656451046466827393e-01 -4.490976631641387939e-01 5.331835150718688965e-01 5.451617240905761719e-01
1.237580776214599609e-01 3.444287180900573730e-01 -7.087758183479309082e-02 -4.693674147129058838e-01 -4.471633136272430420e-01 5.304749608039855957e-01 5.462009906768798828e-01
1.239765360951423645e-01 3.444134593009948730e-01 -7.092818617820739746e-02 -4.713193178176879883e-01 -4.491154849529266357e-01 5.287839770317077637e-01 5.445557236671447754e-01
1.249189302325248718e-01 3.444730043411254883e-01 -7.106557488441467285e-02 -4.789589941501617432e-01 -4.563237428665161133e-01 5.210747122764587402e-01 5.393033623695373535e-01
1.260939091444015503e-01 3.445014357566833496e-01 -7.123228907585144043e-02 -4.859655797481536865e-01 -4.635559022426605225e-01 5.146171450614929199e-01 5.330315232276916504e-01
1.272997558116912842e-01 3.445329964160919189e-01 -7.132804393768310547e-02 -4.935633540153503418e-01 -4.687077701091766357e-01 5.081274509429931641e-01 5.277449488639831543e-01
1.287632733583450317e-01 3.448977470397949219e-01 -7.134309411048889160e-02 -5.026058554649353027e-01 -4.772935807704925537e-01 4.944405853748321533e-01 5.245060920715332031e-01
1.301659047603607178e-01 3.454407155513763428e-01 -7.141989469528198242e-02 -5.095754265785217285e-01 -4.879000782966613770e-01 4.808205962181091309e-01 5.206706523895263672e-01
1.311968266963958740e-01 3.460852205753326416e-01 -7.137283682823181152e-02 -5.096296072006225586e-01 -5.009878873825073242e-01 4.717054367065429688e-01 5.165101885795593262e-01
1.317571550607681274e-01 3.459556102752685547e-01 -7.131502032279968262e-02 -4.888808429241180420e-01 -5.179368257522583008e-01 4.926482439041137695e-01 5.000346899032592773e-01
1.316241174936294556e-01 3.460526764392852783e-01 -7.129859924316406250e-02 -4.670651257038116455e-01 -5.357329249382019043e-01 5.126420259475708008e-01 4.817038178443908691e-01
1.317794620990753174e-01 3.462646305561065674e-01 -7.129198312759399414e-02 -4.268373847007751465e-01 -5.642231106758117676e-01 5.468826889991760254e-01 4.476398229598999023e-01
1.315485686063766479e-01 3.464325666427612305e-01 -7.125777006149291992e-02 -3.870646357536315918e-01 -5.905169248580932617e-01 5.756596326828002930e-01 4.124157428741455078e-01
1.313624233007431030e-01 3.465364277362823486e-01 -7.106101512908935547e-02 -3.434720337390899658e-01 -6.147739291191101074e-01 6.021180748939514160e-01 3.762098550796508789e-01
1.309948861598968506e-01 3.465121686458587646e-01 -7.082191109657287598e-02 -2.985489368438720703e-01 -6.365865468978881836e-01 6.251039505004882812e-01 3.389265239238739014e-01
1.307704150676727295e-01 3.466578423976898193e-01 -7.055228948593139648e-02 -2.525805830955505371e-01 -6.585533022880554199e-01 6.434712409973144531e-01 2.974144518375396729e-01
1.304428577423095703e-01 3.466246724128723145e-01 -7.036015391349792480e-02 -2.063200771808624268e-01 -6.757903099060058594e-01 6.591889262199401855e-01 2.573120296001434326e-01
1.299554258584976196e-01 3.466095030307769775e-01 -7.028964161872863770e-02 -1.586293876171112061e-01 -6.891612410545349121e-01 6.729291081428527832e-01 2.169330120086669922e-01
1.298308223485946655e-01 3.465563058853149414e-01 -7.024496793746948242e-02 -1.121593490242958069e-01 -7.010980844497680664e-01 6.826529502868652344e-01 1.728198826313018799e-01
1.297788619995117188e-01 3.464238643646240234e-01 -7.011929154396057129e-02 -6.530749797821044922e-02 -7.102692127227783203e-01 6.896018385887145996e-01 1.253071874380111694e-01
1.299712955951690674e-01 3.462803363800048828e-01 -6.995031237602233887e-02 -1.871563680469989777e-02 -7.160232663154602051e-01 6.937243938446044922e-01 7.554381340742111206e-02
1.305042952299118042e-01 3.461400866508483887e-01 -6.957158446311950684e-02 2.492010220885276794e-02 -7.191698551177978516e-01 6.940301656723022461e-01 2.226792275905609131e-02
1.309992969036102295e-01 3.460575938224792480e-01 -6.932926177978515625e-02 -6.875188648700714111e-02 7.182803750038146973e-01 -6.917272210121154785e-01 2.932493202388286591e-02
1.314281374216079712e-01 3.460181951522827148e-01 -6.903746724128723145e-02 -1.119188815355300903e-01 7.143256068229675293e-01 -6.860873103141784668e-01 8.060573786497116089e-02
1.318967342376708984e-01 3.461240828037261963e-01 -6.892272830009460449e-02 -1.566545814275741577e-01 7.063342928886413574e-01 -6.771584153175354004e-01 1.341927647590637207e-01
1.323301494121551514e-01 3.464843034744262695e-01 -6.875151395797729492e-02 -2.039433419704437256e-01 6.958969235420227051e-01 -6.616902351379394531e-01 1.905272603034973145e-01
1.323960870504379272e-01 3.467853069305419922e-01 -6.859731674194335938e-02 -2.519968450069427490e-01 6.815806627273559570e-01 -6.426650881767272949e-01 2.427488714456558228e-01
1.326915919780731201e-01 3.469499051570892334e-01 -6.840479373931884766e-02 -2.936026751995086670e-01 6.629440784454345703e-01 -6.238793134689331055e-01 2.916801273822784424e-01
1.326760202646255493e-01 3.472709953784942627e-01 -6.829720735549926758e-02 -3.352758288383483887e-01 6.433293223381042480e-01 -6.000802516937255859e-01 3.370774984359741211e-01
1.326006650924682617e-01 3.475950360298156738e-01 -6.823459267616271973e-02 -3.744775652885437012e-01 6.211612820625305176e-01 -5.739552974700927734e-01 3.801322579383850098e-01
1.324870288372039795e-01 3.478805124759674072e-01 -6.828737258911132812e-02 -4.127378463745117188e-01 5.953997373580932617e-01 -5.450479388236999512e-01 4.219826757907867432e-01
1.322245001792907715e-01 3.481211364269256592e-01 -6.827673316001892090e-02 -4.498386681079864502e-01 5.672488808631896973e-01 -5.131030678749084473e-01 4.610847532749176025e-01
1.318553388118743896e-01 3.483246266841888428e-01 -6.832408905029296875e-02 -4.866216182708740234e-01 5.351232886314392090e-01 -4.769565463066101074e-01 4.993545711040496826e-01
1.345186233520507812e-01 3.452978730201721191e-01 -6.650221347808837891e-02 -5.196833610534667969e-01 4.675642251968383789e-01 -4.757213592529296875e-01 5.338559150695800781e-01
1.336554884910583496e-01 3.445371985435485840e-01 -6.645244359970092773e-02 -5.448126196861267090e-01 4.550094604492187500e-01 -4.596253037452697754e-01 5.337510108947753906e-01
1.336757242679595947e-01 3.445608019828796387e-01 -6.644669175148010254e-02 -5.447210073471069336e-01 4.546657204627990723e-01 -4.592414498329162598e-01 5.344673991203308105e-01
1.337024569511413574e-01 3.445974290370941162e-01 -6.644269824028015137e-02 -5.444649457931518555e-01 4.544651508331298828e-01 -4.589562714099884033e-01 5.351434350013732910e-01
1.337104588747024536e-01 3.446232080459594727e-01 -6.644007563591003418e-02 -5.442751646041870117e-01 4.544771611690521240e-01 -4.587734341621398926e-01 5.354829430580139160e-01
1.337593346834182739e-01 3.446640074253082275e-01 -6.643596291542053223e-02 -5.437597632408142090e-01 4.542416036128997803e-01 -4.587431550025939941e-01 5.362318754196166992e-01
1.337652057409286499e-01 3.446834087371826172e-01 -6.643325090408325195e-02 -5.436392426490783691e-01 4.542606472969055176e-01 -4.586393833160400391e-01 5.364266633987426758e-01
1.338011026382446289e-01 3.446940779685974121e-01 -6.643301248550415039e-02 -5.439896583557128906e-01 4.532519876956939697e-01 -4.580022692680358887e-01 5.374679565429687500e-01
1.338081359863281250e-01 3.447286188602447510e-01 -6.643041968345642090e-02 -5.439709424972534180e-01 4.530582427978515625e-01 -4.575096666812896729e-01 5.380694270133972168e-01
1.337994933128356934e-01 3.447262346744537354e-01 -6.642779707908630371e-02 -5.440503954887390137e-01 4.530550837516784668e-01 -4.574197232723236084e-01 5.380682945251464844e-01
1.338147073984146118e-01 3.447689414024353027e-01 -6.642425060272216797e-02 -5.439696907997131348e-01 4.528181552886962891e-01 -4.568432569503784180e-01 5.388385057449340820e-01
1.337879002094268799e-01 3.448939025402069092e-01 -6.640571355819702148e-02 -5.441225767135620117e-01 4.524664282798767090e-01 -4.545946717262268066e-01 5.408774614334106445e-01
1.337861716747283936e-01 3.449752628803253174e-01 -6.639567017555236816e-02 -5.444419980049133301e-01 4.517369568347930908e-01 -4.527299404144287109e-01 5.427266359329223633e-01
1.337829381227493286e-01 3.450073003768920898e-01 -6.639346480369567871e-02 -5.446636676788330078e-01 4.513816535472869873e-01 -4.519326090812683105e-01 5.434638857841491699e-01
1.337884366512298584e-01 3.450118601322174072e-01 -6.639000773429870605e-02 -5.448446869850158691e-01 4.510279893875122070e-01 -4.516128897666931152e-01 5.438417196273803711e-01
1.337940096855163574e-01 3.450201451778411865e-01 -6.638866662979125977e-02 -5.448747873306274414e-01 4.509061574935913086e-01 -4.514617621898651123e-01 5.440379977226257324e-01
1.337944269180297852e-01 3.450162112712860107e-01 -6.638723611831665039e-02 -5.450739264488220215e-01 4.506789147853851318e-01 -4.512841403484344482e-01 5.441741943359375000e-01
1.338016092777252197e-01 3.450202345848083496e-01 -6.638678908348083496e-02 -5.451536178588867188e-01 4.504739046096801758e-01 -4.511254429817199707e-01 5.443956851959228516e-01
1.337949335575103760e-01 3.450265824794769287e-01 -6.638625264167785645e-02 -5.453015565872192383e-01 4.503598213195800781e-01 -4.508768320083618164e-01 5.445477962493896484e-01
1.337936222553253174e-01 3.450201153755187988e-01 -6.638610363006591797e-02 -5.454198718070983887e-01 4.502597749233245850e-01 -4.508175849914550781e-01 5.445611476898193359e-01
1.337998509407043457e-01 3.450261056423187256e-01 -6.638449430465698242e-02 -5.454703569412231445e-01 4.501006603240966797e-01 -4.506661891937255859e-01 5.447673797607421875e-01
1.337936818599700928e-01 3.450270593166351318e-01 -6.638294458389282227e-02 -5.458886623382568359e-01 4.496931433677673340e-01 -4.501479566097259521e-01 5.451132655143737793e-01
1.337904334068298340e-01 3.450261652469635010e-01 -6.638133525848388672e-02 -5.461375713348388672e-01 4.494187235832214355e-01 -4.498908519744873047e-01 5.453024506568908691e-01
1.337905824184417725e-01 3.450286984443664551e-01 -6.637975573539733887e-02 -5.463460087776184082e-01 4.491485357284545898e-01 -4.495998620986938477e-01 5.455562472343444824e-01
1.337956935167312622e-01 3.450314402580261230e-01 -6.637653708457946777e-02 -5.466659665107727051e-01 4.486877620220184326e-01 -4.491876065731048584e-01 5.459543466567993164e-01
1.337961554527282715e-01 3.450372517108917236e-01 -6.637397408485412598e-02 -5.468816757202148438e-01 4.484281539916992188e-01 -4.488628208637237549e-01 5.462186932563781738e-01
1.338007003068923950e-01 3.450410664081573486e-01 -6.637474894523620605e-02 -5.469686985015869141e-01 4.482299685478210449e-01 -4.486839473247528076e-01 5.464410185813903809e-01
1.337922811508178711e-01 3.450385332107543945e-01 -6.637126207351684570e-02 -5.474488735198974609e-01 4.477975666522979736e-01 -4.481884837150573730e-01 5.467212200164794922e-01
1.324430108070373535e-01 3.440180122852325439e-01 -6.649953126907348633e-02 -5.762768983840942383e-01 4.318740069866180420e-01 -4.272335767745971680e-01 5.466820001602172852e-01
1.330606043338775635e-01 3.436808288097381592e-01 -6.647264957427978516e-02 -5.822130441665649414e-01 4.184798300266265869e-01 -4.261996150016784668e-01 5.515944957733154297e-01
1.342577338218688965e-01 3.430704176425933838e-01 -6.650575995445251465e-02 -5.889488458633422852e-01 3.954331576824188232e-01 -4.233308136463165283e-01 5.635271668434143066e-01
1.347986310720443726e-01 3.419484794139862061e-01 -6.645455956459045410e-02 -5.829117298126220703e-01 4.024349153041839600e-01 -4.257565438747406006e-01 5.630199313163757324e-01
1.349917650222778320e-01 3.422347903251647949e-01 -6.633153557777404785e-02 -5.978170037269592285e-01 3.809255063533782959e-01 -4.018716514110565186e-01 5.796634554862976074e-01
1.348797976970672607e-01 3.421879708766937256e-01 -6.626459956169128418e-02 -5.984314084053039551e-01 3.809215128421783447e-01 -4.016472101211547852e-01 5.791874527931213379e-01
1.350336074829101562e-01 3.420257270336151123e-01 -6.627458333969116211e-02 -5.962816476821899414e-01 3.827287256717681885e-01 -4.038166999816894531e-01 5.787045955657958984e-01
1.352359503507614136e-01 3.425751924514770508e-01 -6.620746850967407227e-02 -6.180067062377929688e-01 3.472007513046264648e-01 -3.615302443504333496e-01 6.056526899337768555e-01
1.351438909769058228e-01 3.431105613708496094e-01 -6.600818037986755371e-02 -6.373314261436462402e-01 3.088221549987792969e-01 -3.176569044589996338e-01 6.305010914802551270e-01
1.348942816257476807e-01 3.437792360782623291e-01 -6.572097539901733398e-02 -6.573859453201293945e-01 2.677251100540161133e-01 -2.718534767627716064e-01 6.498174071311950684e-01
1.345515400171279907e-01 3.444687426090240479e-01 -6.541466712951660156e-02 -6.734431385993957520e-01 2.258135527372360229e-01 -2.248975336551666260e-01 6.670110225677490234e-01
1.341768503189086914e-01 3.450805842876434326e-01 -6.527650356292724609e-02 -6.854758858680725098e-01 1.819182634353637695e-01 -1.753703057765960693e-01 6.828424930572509766e-01
1.338414996862411499e-01 3.455416262149810791e-01 -6.526684761047363281e-02 -6.927164196968078613e-01 1.379872262477874756e-01 -1.252099424600601196e-01 6.967251300811767578e-01
1.335389167070388794e-01 3.458973169326782227e-01 -6.515219807624816895e-02 -6.970335841178894043e-01 9.139781445264816284e-02 -7.467152178287506104e-02 7.072586417198181152e-01
1.333269476890563965e-01 3.461478054523468018e-01 -6.498318910598754883e-02 -6.983850598335266113e-01 4.336170852184295654e-02 -2.505368553102016449e-02 7.139680385589599609e-01
1.331129372119903564e-01 3.465018570423126221e-01 -6.484961509704589844e-02 -6.956121921539306641e-01 -3.562984522432088852e-03 2.267817407846450806e-02 7.180505990982055664e-01
1.335104405879974365e-01 3.463443219661712646e-01 -6.418803334236145020e-02 -6.917661428451538086e-01 -5.720619857311248779e-02 6.623806804418563843e-02 7.167981266975402832e-01
1.334479153156280518e-01 3.466345667839050293e-01 -6.432774662971496582e-02 -6.865819692611694336e-01 -1.030960753560066223e-01 1.091863736510276794e-01 7.113752365112304688e-01
1.330625414848327637e-01 3.471476435661315918e-01 -6.420585513114929199e-02 -6.793885231018066406e-01 -1.503091454505920410e-01 1.519799530506134033e-01 7.019547224044799805e-01
1.330083161592483521e-01 3.472738862037658691e-01 -6.401956081390380859e-02 -6.664261221885681152e-01 -1.984964013099670410e-01 1.957131475210189819e-01 6.914996504783630371e-01
1.330028623342514038e-01 3.474024236202239990e-01 -6.388404965400695801e-02 -6.506733298301696777e-01 -2.454810887575149536e-01 2.380444705486297607e-01 6.780103445053100586e-01
1.329276710748672485e-01 3.474776446819305420e-01 -6.372550129890441895e-02 -6.310806870460510254e-01 -2.935844659805297852e-01 2.831864356994628906e-01 6.598111987113952637e-01
1.328141838312149048e-01 3.475283980369567871e-01 -6.371426582336425781e-02 -6.086724996566772461e-01 -3.393234312534332275e-01 3.261519968509674072e-01 6.387504935264587402e-01
1.325825154781341553e-01 3.475826680660247803e-01 -6.381276249885559082e-02 -5.826233029365539551e-01 -3.840001821517944336e-01 3.678184449672698975e-01 6.146572232246398926e-01
1.322875469923019409e-01 3.476394414901733398e-01 -6.387382745742797852e-02 -5.541432499885559082e-01 -4.245314896106719971e-01 4.070974886417388916e-01 5.890415310859680176e-01
1.313976645469665527e-01 3.475081026554107666e-01 -6.366282701492309570e-02 -5.230363011360168457e-01 -4.631154835224151611e-01 4.443517625331878662e-01 5.608106851577758789e-01
1.301021426916122437e-01 3.475200235843658447e-01 -6.366127729415893555e-02 -4.872799515724182129e-01 -5.005519390106201172e-01 4.815681576728820801e-01 5.292429924011230469e-01
1.295663416385650635e-01 3.473413586616516113e-01 -6.371474266052246094e-02 -4.501658678054809570e-01 -5.339047312736511230e-01 5.163439512252807617e-01 4.956665635108947754e-01
1.312897950410842896e-01 3.446865379810333252e-01 -6.281813979148864746e-02 -4.673274755477905273e-01 -5.306524038314819336e-01 5.306304693222045898e-01 4.673803448677062988e-01
1.312872916460037231e-01 3.446795940399169922e-01 -6.281822919845581055e-02 -4.674372375011444092e-01 -5.306025147438049316e-01 5.305733680725097656e-01 4.673919975757598877e-01
1.312883645296096802e-01 3.446773290634155273e-01 -6.281647086143493652e-02 -4.674431681632995605e-01 -5.305975675582885742e-01 5.305795073509216309e-01 4.673847556114196777e-01
1.312913894653320312e-01 3.446759283542633057e-01 -6.281748414039611816e-02 -4.674879312515258789e-01 -5.306081771850585938e-01 5.305683612823486328e-01 4.673405289649963379e-01
1.312828809022903442e-01 3.446785211563110352e-01 -6.281825900077819824e-02 -4.674007892608642578e-01 -5.305613279342651367e-01 5.306153893470764160e-01 4.674274921417236328e-01
1.312835812568664551e-01 3.446818590164184570e-01 -6.281810998916625977e-02 -4.673919379711151123e-01 -5.305925011634826660e-01 5.305839776992797852e-01 4.674366414546966553e-01
1.312829703092575073e-01 3.446784317493438721e-01 -6.281822919845581055e-02 -4.674020409584045410e-01 -5.305613875389099121e-01 5.306150913238525391e-01 4.674265384674072266e-01
1.312807053327560425e-01 3.446781933307647705e-01 -6.281891465187072754e-02 -4.673882424831390381e-01 -5.305423736572265625e-01 5.306332707405090332e-01 4.674412608146667480e-01
1.312820166349411011e-01 3.446755707263946533e-01 -6.281793117523193359e-02 -4.674139022827148438e-01 -5.305308103561401367e-01 5.306461453437805176e-01 4.674141705036163330e-01
1.312803477048873901e-01 3.446753323078155518e-01 -6.281858682632446289e-02 -4.674041867256164551e-01 -5.305168032646179199e-01 5.306595563888549805e-01 4.674245119094848633e-01
1.312842220067977905e-01 3.446815013885498047e-01 -6.281819939613342285e-02 -4.673928022384643555e-01 -5.305960178375244141e-01 5.305804610252380371e-01 4.674357175827026367e-01
1.312880218029022217e-01 3.446803987026214600e-01 -6.281751394271850586e-02 -4.674296975135803223e-01 -5.306127667427062988e-01 5.305651426315307617e-01 4.673972427845001221e-01
1.312903165817260742e-01 3.446754217147827148e-01 -6.281700730323791504e-02 -4.674829244613647461e-01 -5.305963754653930664e-01 5.305804610252380371e-01 4.673452675342559814e-01
1.312857270240783691e-01 3.446787595748901367e-01 -6.281733512878417969e-02 -4.674200117588043213e-01 -5.305900573730468750e-01 5.305857658386230469e-01 4.674093127250671387e-01
1.312848031520843506e-01 3.446831703186035156e-01 -6.281802058219909668e-02 -4.673896133899688721e-01 -5.306108593940734863e-01 5.305657982826232910e-01 4.674387574195861816e-01
1.312882602214813232e-01 3.446804285049438477e-01 -6.281754374504089355e-02 -4.674305319786071777e-01 -5.306149721145629883e-01 5.305637717247009277e-01 4.673954844474792480e-01
1.312906444072723389e-01 3.446793258190155029e-01 -6.281831860542297363e-02 -4.674567580223083496e-01 -5.306275486946105957e-01 5.305568575859069824e-01 4.673628509044647217e-01
1.312897354364395142e-01 3.446803092956542969e-01 -6.281745433807373047e-02 -4.674443006515502930e-01 -5.306244492530822754e-01 5.305531024932861328e-01 4.673830568790435791e-01
1.312832683324813843e-01 3.446787595748901367e-01 -6.281808018684387207e-02 -4.674028456211090088e-01 -5.305662751197814941e-01 5.306105613708496094e-01 4.674253463745117188e-01
1.312895417213439941e-01 3.446757495403289795e-01 -6.281712651252746582e-02 -4.674726426601409912e-01 -5.305931568145751953e-01 5.305838584899902344e-01 4.673552811145782471e-01
1.312837898731231689e-01 3.446820378303527832e-01 -6.281828880310058594e-02 -4.673878848552703857e-01 -5.305973291397094727e-01 5.305797457695007324e-01 4.674399793148040771e-01
1.312831491231918335e-01 3.446802794933319092e-01 -6.281721591949462891e-02 -4.673897624015808105e-01 -5.305776000022888184e-01 5.305989980697631836e-01 4.674387276172637939e-01
1.312832683324813843e-01 3.446789979934692383e-01 -6.281799077987670898e-02 -4.674032032489776611e-01 -5.305684208869934082e-01 5.306084156036376953e-01 4.674249887466430664e-01
1.312830001115798950e-01 3.446791470050811768e-01 -6.281816959381103516e-02 -4.674000144004821777e-01 -5.305667519569396973e-01 5.306094884872436523e-01 4.674288630485534668e-01
1.312908977270126343e-01 3.446772694587707520e-01 -6.281772255897521973e-02 -4.674753546714782715e-01 -5.306123495101928711e-01 5.305644869804382324e-01 4.673528373241424561e-01
1.312809586524963379e-01 3.446759879589080811e-01 -6.281831860542297363e-02 -4.674050509929656982e-01 -5.305265188217163086e-01 5.306500792503356934e-01 4.674233198165893555e-01
1.312845647335052490e-01 3.446807265281677246e-01 -6.281799077987670898e-02 -4.673992991447448730e-01 -5.305922031402587891e-01 5.305843353271484375e-01 4.674292206764221191e-01
1.312837302684783936e-01 3.446794748306274414e-01 -6.281793117523193359e-02 -4.674028158187866211e-01 -5.305739641189575195e-01 5.306021571159362793e-01 4.674261510372161865e-01
1.312837004661560059e-01 3.446815013885498047e-01 -6.281808018684387207e-02 -4.673942327499389648e-01 -5.305907130241394043e-01 5.305851101875305176e-01 4.674351513385772705e-01
1.312835067510604858e-01 3.446792364120483398e-01 -6.281775236129760742e-02 -4.674077332019805908e-01 -5.305665731430053711e-01 5.306105017662048340e-01 4.674202203750610352e-01
1.312916725873947144e-01 3.447013497352600098e-01 -6.282147765159606934e-02 -4.669563174247741699e-01 -5.309413671493530273e-01 5.309225916862487793e-01 4.670912623405456543e-01
1.292617172002792358e-01 3.442183136940002441e-01 -6.341999769210815430e-02 -5.004998445510864258e-01 -4.789557158946990967e-01 5.084163546562194824e-01 5.114822983741760254e-01
1.298592388629913330e-01 3.435180187225341797e-01 -6.339368224143981934e-02 -4.887792170047760010e-01 -4.971243143081665039e-01 5.269928574562072754e-01 4.860461056232452393e-01
1.311611533164978027e-01 3.463388979434967041e-01 -6.333199143409729004e-02 -4.682055711746215820e-01 -5.339103937149047852e-01 5.130394101142883301e-01 4.821968078613281250e-01
1.307471096515655518e-01 3.463291525840759277e-01 -6.317728757858276367e-02 -4.684504866600036621e-01 -5.333194732666015625e-01 5.144393444061279297e-01 4.811202287673950195e-01
1.311735361814498901e-01 3.463519513607025146e-01 -6.319656968116760254e-02 -4.680782258510589600e-01 -5.352436304092407227e-01 5.143320560455322266e-01 4.794574975967407227e-01
1.309111416339874268e-01 3.463911116123199463e-01 -6.316593289375305176e-02 -4.679498076438903809e-01 -5.348321795463562012e-01 5.145134925842285156e-01 4.798472821712493896e-01
1.309670656919479370e-01 3.462556004524230957e-01 -6.329625844955444336e-02 -4.280069172382354736e-01 -5.655456185340881348e-01 5.463669300079345703e-01 4.454788565635681152e-01
1.304992288351058960e-01 3.461701571941375732e-01 -6.336644291877746582e-02 -3.877480924129486084e-01 -5.910851359367370605e-01 5.769694447517395020e-01 4.091161489486694336e-01
1.301059275865554810e-01 3.459390401840209961e-01 -6.331816315650939941e-02 -3.444902300834655762e-01 -6.149247884750366211e-01 6.055281162261962891e-01 3.694992363452911377e-01
1.297114193439483643e-01 3.456779122352600098e-01 -6.337699294090270996e-02 -2.997302412986755371e-01 -6.354569196701049805e-01 6.310389637947082520e-01 3.288557231426239014e-01
1.292377561330795288e-01 3.453646600246429443e-01 -6.339389085769653320e-02 -2.539635002613067627e-01 -6.524423956871032715e-01 6.537674069404602051e-01 2.870707213878631592e-01
1.288585811853408813e-01 3.448847532272338867e-01 -6.344768404960632324e-02 -2.075972259044647217e-01 -6.679049134254455566e-01 6.724633574485778809e-01 2.420732676982879639e-01
1.290067434310913086e-01 3.446565866470336914e-01 -6.343215703964233398e-02 -1.621004790067672729e-01 -6.821485161781311035e-01 6.859629154205322266e-01 1.945550888776779175e-01
1.290674656629562378e-01 3.443034589290618896e-01 -6.334856152534484863e-02 -1.178064867854118347e-01 -6.916621923446655273e-01 6.967451572418212891e-01 1.492354571819305420e-01
1.294341087341308594e-01 3.437920808792114258e-01 -6.328886747360229492e-02 -7.478584349155426025e-02 -6.963708400726318359e-01 7.066206336021423340e-01 1.008068248629570007e-01
1.298704594373703003e-01 3.433435261249542236e-01 -6.315723061561584473e-02 -3.284412994980812073e-02 -6.986283063888549805e-01 7.128457427024841309e-01 5.187186598777770996e-02
1.297281235456466675e-01 3.427840769290924072e-01 -6.301218271255493164e-02 8.562261238694190979e-03 -6.993206143379211426e-01 7.147551178932189941e-01 1.573210000060498714e-03
1.295998841524124146e-01 3.419884145259857178e-01 -6.280469894409179688e-02 -5.475808307528495789e-02 6.985832452774047852e-01 -7.115780115127563477e-01 5.137892812490463257e-02
1.296957135200500488e-01 3.426692187786102295e-01 -6.276667118072509766e-02 -4.792493581771850586e-02 7.057116031646728516e-01 -7.052744626998901367e-01 4.756364598870277405e-02
1.297044754028320312e-01 3.425855040550231934e-01 -6.277814507484436035e-02 -4.185965284705162048e-02 7.054193019866943359e-01 -7.063195705413818359e-01 4.176157340407371521e-02
1.296317875385284424e-01 3.426524400711059570e-01 -6.276756525039672852e-02 -3.988318517804145813e-02 7.062091827392578125e-01 -7.058055996894836426e-01 3.894139453768730164e-02
1.296866238117218018e-01 3.425444662570953369e-01 -6.278046965599060059e-02 -3.668412193655967712e-02 7.056555151939392090e-01 -7.066662907600402832e-01 3.643301501870155334e-02
1.297065615653991699e-01 3.426514267921447754e-01 -6.278803944587707520e-02 -3.265710920095443726e-02 7.064095139503479004e-01 -7.062826752662658691e-01 3.292353823781013489e-02
1.296752989292144775e-01 3.426223993301391602e-01 -6.279978156089782715e-02 -3.097502514719963074e-02 7.063395977020263672e-01 -7.065246105194091797e-01 3.078841045498847961e-02
1.995086520910263062e-01 6.490059196949005127e-02 -1.499998569488525391e-02 -5.494384467601776123e-02 -7.049711942672729492e-01 -5.494357645511627197e-02 7.049666643142700195e-01
1.995086520910263062e-01 6.490059196949005127e-02 -1.499998569488525391e-02 -5.494384467601776123e-02 -7.049711942672729492e-01 -5.494357645511627197e-02 7.049666643142700195e-01
1.995086520910263062e-01 6.490059196949005127e-02 -1.499998569488525391e-02 -5.494384467601776123e-02 -7.049711942672729492e-01 -5.494357645511627197e-02 7.049666643142700195e-01
1.995086520910263062e-01 6.490059196949005127e-02 -1.499998569488525391e-02 -5.494384467601776123e-02 -7.049711942672729492e-01 -5.494357645511627197e-02 7.049666643142700195e-01
1.995086520910263062e-01 6.490059196949005127e-02 -1.499998569488525391e-02 -5.494384467601776123e-02 -7.049711942672729492e-01 -5.494357645511627197e-02 7.049666643142700195e-01
1.995086520910263062e-01 6.490059196949005127e-02 -1.499998569488525391e-02 -5.494384467601776123e-02 -7.049711942672729492e-01 -5.494357645511627197e-02 7.049666643142700195e-01
1.995086520910263062e-01 6.490059196949005127e-02 -1.499998569488525391e-02 -5.494384467601776123e-02 -7.049711942672729492e-01 -5.494357645511627197e-02 7.049666643142700195e-01
1.995086520910263062e-01 6.490059196949005127e-02 -1.499998569488525391e-02 -5.494384467601776123e-02 -7.049711942672729492e-01 -5.494357645511627197e-02 7.049666643142700195e-01
1.995086520910263062e-01 6.490059196949005127e-02 -1.499998569488525391e-02 -5.494384467601776123e-02 -7.049711942672729492e-01 -5.494357645511627197e-02 7.049666643142700195e-01
1.995086520910263062e-01 6.490059196949005127e-02 -1.499998569488525391e-02 -5.494384467601776123e-02 -7.049711942672729492e-01 -5.494357645511627197e-02 7.049666643142700195e-01
1.995086520910263062e-01 6.490059196949005127e-02 -1.499998569488525391e-02 -5.494384467601776123e-02 -7.049711942672729492e-01 -5.494357645511627197e-02 7.049666643142700195e-01
1.995086520910263062e-01 6.490059196949005127e-02 -1.499998569488525391e-02 -5.494384467601776123e-02 -7.049711942672729492e-01 -5.494357645511627197e-02 7.049666643142700195e-01
1.995086520910263062e-01 6.490059196949005127e-02 -1.499998569488525391e-02 -5.494384467601776123e-02 -7.049711942672729492e-01 -5.494357645511627197e-02 7.049666643142700195e-01
1.995086520910263062e-01 6.490059196949005127e-02 -1.499998569488525391e-02 -5.494384467601776123e-02 -7.049711942672729492e-01 -5.494357645511627197e-02 7.049666643142700195e-01
1.995086520910263062e-01 6.490059196949005127e-02 -1.499998569488525391e-02 -5.494384467601776123e-02 -7.049711942672729492e-01 -5.494357645511627197e-02 7.049666643142700195e-01
1.995086520910263062e-01 6.490059196949005127e-02 -1.499998569488525391e-02 -5.494384467601776123e-02 -7.049711942672729492e-01 -5.494357645511627197e-02 7.049666643142700195e-01
1.995086520910263062e-01 6.490059196949005127e-02 -1.499998569488525391e-02 -5.494384467601776123e-02 -7.049711942672729492e-01 -5.494357645511627197e-02 7.049666643142700195e-01
1.995086520910263062e-01 6.490059196949005127e-02 -1.499998569488525391e-02 -5.494384467601776123e-02 -7.049711942672729492e-01 -5.494357645511627197e-02 7.049666643142700195e-01
1.995086520910263062e-01 6.490059196949005127e-02 -1.499998569488525391e-02 -5.494384467601776123e-02 -7.049711942672729492e-01 -5.494357645511627197e-02 7.049666643142700195e-01
1.995086520910263062e-01 6.490059196949005127e-02 -1.499998569488525391e-02 -5.494384467601776123e-02 -7.049711942672729492e-01 -5.494357645511627197e-02 7.049666643142700195e-01
1.995086520910263062e-01 6.490059196949005127e-02 -1.499998569488525391e-02 -5.494384467601776123e-02 -7.049711942672729492e-01 -5.494357645511627197e-02 7.049666643142700195e-01
1.995086520910263062e-01 6.490059196949005127e-02 -1.499998569488525391e-02 -5.494384467601776123e-02 -7.049711942672729492e-01 -5.494357645511627197e-02 7.049666643142700195e-01
1.995086520910263062e-01 6.490059196949005127e-02 -1.499998569488525391e-02 -5.494384467601776123e-02 -7.049711942672729492e-01 -5.494357645511627197e-02 7.049666643142700195e-01
1.995086520910263062e-01 6.490059196949005127e-02 -1.499998569488525391e-02 -5.494384467601776123e-02 -7.049711942672729492e-01 -5.494357645511627197e-02 7.049666643142700195e-01
1.995086520910263062e-01 6.490059196949005127e-02 -1.499998569488525391e-02 -5.494384467601776123e-02 -7.049711942672729492e-01 -5.494357645511627197e-02 7.049666643142700195e-01
1.995086520910263062e-01 6.490059196949005127e-02 -1.499998569488525391e-02 -5.494384467601776123e-02 -7.049711942672729492e-01 -5.494357645511627197e-02 7.049666643142700195e-01
1.995086520910263062e-01 6.490059196949005127e-02 -1.499998569488525391e-02 -5.494384467601776123e-02 -7.049711942672729492e-01 -5.494357645511627197e-02 7.049666643142700195e-01
1.995086520910263062e-01 6.490059196949005127e-02 -1.499998569488525391e-02 -5.494384467601776123e-02 -7.049711942672729492e-01 -5.494357645511627197e-02 7.049666643142700195e-01
1.995086520910263062e-01 6.490059196949005127e-02 -1.499998569488525391e-02 -5.494384467601776123e-02 -7.049711942672729492e-01 -5.494357645511627197e-02 7.049666643142700195e-01
1.995086520910263062e-01 6.490059196949005127e-02 -1.499998569488525391e-02 -5.494384467601776123e-02 -7.049711942672729492e-01 -5.494357645511627197e-02 7.049666643142700195e-01
1.995086520910263062e-01 6.490059196949005127e-02 -1.499998569488525391e-02 -5.494384467601776123e-02 -7.049711942672729492e-01 -5.494357645511627197e-02 7.049666643142700195e-01
1.995086520910263062e-01 6.490059196949005127e-02 -1.499998569488525391e-02 -5.494384467601776123e-02 -7.049711942672729492e-01 -5.494357645511627197e-02 7.049666643142700195e-01
1.995086520910263062e-01 6.490059196949005127e-02 -1.499998569488525391e-02 -5.494384467601776123e-02 -7.049711942672729492e-01 -5.494357645511627197e-02 7.049666643142700195e-01
1.995086520910263062e-01 6.490059196949005127e-02 -1.499998569488525391e-02 -5.494384467601776123e-02 -7.049711942672729492e-01 -5.494357645511627197e-02 7.049666643142700195e-01
1.995086520910263062e-01 6.490059196949005127e-02 -1.499998569488525391e-02 -5.494384467601776123e-02 -7.049711942672729492e-01 -5.494357645511627197e-02 7.049666643142700195e-01
1.995086520910263062e-01 6.490059196949005127e-02 -1.499998569488525391e-02 -5.494384467601776123e-02 -7.049711942672729492e-01 -5.494357645511627197e-02 7.049666643142700195e-01
1.995086520910263062e-01 6.490059196949005127e-02 -1.499998569488525391e-02 -5.494384467601776123e-02 -7.049711942672729492e-01 -5.494357645511627197e-02 7.049666643142700195e-01
1.995086520910263062e-01 6.490059196949005127e-02 -1.499998569488525391e-02 -5.494384467601776123e-02 -7.049711942672729492e-01 -5.494357645511627197e-02 7.049666643142700195e-01
1.995086520910263062e-01 6.490059196949005127e-02 -1.499998569488525391e-02 -5.494384467601776123e-02 -7.049711942672729492e-01 -5.494357645511627197e-02 7.049666643142700195e-01
1.995086520910263062e-01 6.490059196949005127e-02 -1.499998569488525391e-02 -5.494384467601776123e-02 -7.049711942672729492e-01 -5.494357645511627197e-02 7.049666643142700195e-01
1.995086520910263062e-01 6.490059196949005127e-02 -1.499998569488525391e-02 -5.494384467601776123e-02 -7.049711942672729492e-01 -5.494357645511627197e-02 7.049666643142700195e-01
1.995086520910263062e-01 6.490059196949005127e-02 -1.499998569488525391e-02 -5.494384467601776123e-02 -7.049711942672729492e-01 -5.494357645511627197e-02 7.049666643142700195e-01
1.995086520910263062e-01 6.490059196949005127e-02 -1.499998569488525391e-02 -5.494384467601776123e-02 -7.049711942672729492e-01 -5.494357645511627197e-02 7.049666643142700195e-01
1.995086520910263062e-01 6.490059196949005127e-02 -1.499998569488525391e-02 -5.494384467601776123e-02 -7.049711942672729492e-01 -5.494357645511627197e-02 7.049666643142700195e-01
1.995086520910263062e-01 6.490059196949005127e-02 -1.499998569488525391e-02 -5.494384467601776123e-02 -7.049711942672729492e-01 -5.494357645511627197e-02 7.049666643142700195e-01
1.995086520910263062e-01 6.490059196949005127e-02 -1.499998569488525391e-02 -5.494384467601776123e-02 -7.049711942672729492e-01 -5.494357645511627197e-02 7.049666643142700195e-01
1.995086520910263062e-01 6.490059196949005127e-02 -1.499998569488525391e-02 -5.494384467601776123e-02 -7.049711942672729492e-01 -5.494357645511627197e-02 7.049666643142700195e-01
1.995086520910263062e-01 6.490059196949005127e-02 -1.499998569488525391e-02 -5.494384467601776123e-02 -7.049711942672729492e-01 -5.494357645511627197e-02 7.049666643142700195e-01
1.995086520910263062e-01 6.490059196949005127e-02 -1.499998569488525391e-02 -5.494384467601776123e-02 -7.049711942672729492e-01 -5.494357645511627197e-02 7.049666643142700195e-01
1.995086520910263062e-01 6.490059196949005127e-02 -1.499998569488525391e-02 -5.494384467601776123e-02 -7.049711942672729492e-01 -5.494357645511627197e-02 7.049666643142700195e-01
1.995086520910263062e-01 6.490059196949005127e-02 -1.499998569488525391e-02 -5.494384467601776123e-02 -7.049711942672729492e-01 -5.494357645511627197e-02 7.049666643142700195e-01
1.995086520910263062e-01 6.490059196949005127e-02 -1.499998569488525391e-02 -5.494384467601776123e-02 -7.049711942672729492e-01 -5.494357645511627197e-02 7.049666643142700195e-01
1.995086520910263062e-01 6.490059196949005127e-02 -1.499998569488525391e-02 -5.494384467601776123e-02 -7.049711942672729492e-01 -5.494357645511627197e-02 7.049666643142700195e-01
1.995086520910263062e-01 6.490059196949005127e-02 -1.499998569488525391e-02 -5.494384467601776123e-02 -7.049711942672729492e-01 -5.494357645511627197e-02 7.049666643142700195e-01
1.995086520910263062e-01 6.490059196949005127e-02 -1.499998569488525391e-02 -5.494384467601776123e-02 -7.049711942672729492e-01 -5.494357645511627197e-02 7.049666643142700195e-01
1.995086520910263062e-01 6.490059196949005127e-02 -1.499998569488525391e-02 -5.494384467601776123e-02 -7.049711942672729492e-01 -5.494357645511627197e-02 7.049666643142700195e-01
1.995086520910263062e-01 6.490059196949005127e-02 -1.499998569488525391e-02 -5.494384467601776123e-02 -7.049711942672729492e-01 -5.494357645511627197e-02 7.049666643142700195e-01
1.995086520910263062e-01 6.490059196949005127e-02 -1.499998569488525391e-02 -5.494384467601776123e-02 -7.049711942672729492e-01 -5.494357645511627197e-02 7.049666643142700195e-01
1.995086520910263062e-01 6.490059196949005127e-02 -1.499998569488525391e-02 -5.494384467601776123e-02 -7.049711942672729492e-01 -5.494357645511627197e-02 7.049666643142700195e-01
1.995086520910263062e-01 6.490059196949005127e-02 -1.499998569488525391e-02 -5.494384467601776123e-02 -7.049711942672729492e-01 -5.494357645511627197e-02 7.049666643142700195e-01
1.995086520910263062e-01 6.490059196949005127e-02 -1.499998569488525391e-02 -5.494384467601776123e-02 -7.049711942672729492e-01 -5.494357645511627197e-02 7.049666643142700195e-01
1.995086520910263062e-01 6.490059196949005127e-02 -1.499998569488525391e-02 -5.494384467601776123e-02 -7.049711942672729492e-01 -5.494357645511627197e-02 7.049666643142700195e-01
1.995086520910263062e-01 6.490059196949005127e-02 -1.499998569488525391e-02 -5.494384467601776123e-02 -7.049711942672729492e-01 -5.494357645511627197e-02 7.049666643142700195e-01
1.995086520910263062e-01 6.490059196949005127e-02 -1.499998569488525391e-02 -5.494384467601776123e-02 -7.049711942672729492e-01 -5.494357645511627197e-02 7.049666643142700195e-01
1.995086520910263062e-01 6.490059196949005127e-02 -1.499998569488525391e-02 -5.494384467601776123e-02 -7.049711942672729492e-01 -5.494357645511627197e-02 7.049666643142700195e-01
1.995086520910263062e-01 6.490059196949005127e-02 -1.499998569488525391e-02 -5.494384467601776123e-02 -7.049711942672729492e-01 -5.494357645511627197e-02 7.049666643142700195e-01
1.995086520910263062e-01 6.490059196949005127e-02 -1.499998569488525391e-02 -5.494384467601776123e-02 -7.049711942672729492e-01 -5.494357645511627197e-02 7.049666643142700195e-01
1.995086520910263062e-01 6.490059196949005127e-02 -1.499998569488525391e-02 -5.494384467601776123e-02 -7.049711942672729492e-01 -5.494357645511627197e-02 7.049666643142700195e-01
1.995086520910263062e-01 6.490059196949005127e-02 -1.499998569488525391e-02 -5.494384467601776123e-02 -7.049711942672729492e-01 -5.494357645511627197e-02 7.049666643142700195e-01
1.995086520910263062e-01 6.490059196949005127e-02 -1.499998569488525391e-02 -5.494384467601776123e-02 -7.049711942672729492e-01 -5.494357645511627197e-02 7.049666643142700195e-01
1.995086520910263062e-01 6.490059196949005127e-02 -1.499998569488525391e-02 -5.494384467601776123e-02 -7.049711942672729492e-01 -5.494357645511627197e-02 7.049666643142700195e-01
1.995086520910263062e-01 6.490059196949005127e-02 -1.499998569488525391e-02 -5.494384467601776123e-02 -7.049711942672729492e-01 -5.494357645511627197e-02 7.049666643142700195e-01
1.995086520910263062e-01 6.490059196949005127e-02 -1.499998569488525391e-02 -5.494384467601776123e-02 -7.049711942672729492e-01 -5.494357645511627197e-02 7.049666643142700195e-01
1.995086520910263062e-01 6.490059196949005127e-02 -1.499998569488525391e-02 -5.494384467601776123e-02 -7.049711942672729492e-01 -5.494357645511627197e-02 7.049666643142700195e-01
1.995086520910263062e-01 6.490059196949005127e-02 -1.499998569488525391e-02 -5.494384467601776123e-02 -7.049711942672729492e-01 -5.494357645511627197e-02 7.049666643142700195e-01
1.995086520910263062e-01 6.490059196949005127e-02 -1.499998569488525391e-02 -5.494384467601776123e-02 -7.049711942672729492e-01 -5.494357645511627197e-02 7.049666643142700195e-01
1.995086520910263062e-01 6.490059196949005127e-02 -1.499998569488525391e-02 -5.494384467601776123e-02 -7.049711942672729492e-01 -5.494357645511627197e-02 7.049666643142700195e-01
1.995086520910263062e-01 6.490059196949005127e-02 -1.499998569488525391e-02 -5.494384467601776123e-02 -7.049711942672729492e-01 -5.494357645511627197e-02 7.049666643142700195e-01
1.995086520910263062e-01 6.490059196949005127e-02 -1.499998569488525391e-02 -5.494384467601776123e-02 -7.049711942672729492e-01 -5.494357645511627197e-02 7.049666643142700195e-01
1.995086520910263062e-01 6.490059196949005127e-02 -1.499998569488525391e-02 -5.494384467601776123e-02 -7.049711942672729492e-01 -5.494357645511627197e-02 7.049666643142700195e-01
1.995086520910263062e-01 6.490059196949005127e-02 -1.499998569488525391e-02 -5.494384467601776123e-02 -7.049711942672729492e-01 -5.494357645511627197e-02 7.049666643142700195e-01
1.995086520910263062e-01 6.490059196949005127e-02 -1.499998569488525391e-02 -5.494384467601776123e-02 -7.049711942672729492e-01 -5.494357645511627197e-02 7.049666643142700195e-01
1.995086520910263062e-01 6.490059196949005127e-02 -1.499998569488525391e-02 -5.494384467601776123e-02 -7.049711942672729492e-01 -5.494357645511627197e-02 7.049666643142700195e-01
1.995086520910263062e-01 6.490059196949005127e-02 -1.499998569488525391e-02 -5.494384467601776123e-02 -7.049711942672729492e-01 -5.494357645511627197e-02 7.049666643142700195e-01
1.995086520910263062e-01 6.490059196949005127e-02 -1.499998569488525391e-02 -5.494384467601776123e-02 -7.049711942672729492e-01 -5.494357645511627197e-02 7.049666643142700195e-01
1.995086520910263062e-01 6.490059196949005127e-02 -1.499998569488525391e-02 -5.494384467601776123e-02 -7.049711942672729492e-01 -5.494357645511627197e-02 7.049666643142700195e-01
1.995086520910263062e-01 6.490059196949005127e-02 -1.499998569488525391e-02 -5.494384467601776123e-02 -7.049711942672729492e-01 -5.494357645511627197e-02 7.049666643142700195e-01
1.995086520910263062e-01 6.490059196949005127e-02 -1.499998569488525391e-02 -5.494384467601776123e-02 -7.049711942672729492e-01 -5.494357645511627197e-02 7.049666643142700195e-01
1.995086520910263062e-01 6.490059196949005127e-02 -1.499998569488525391e-02 -5.494384467601776123e-02 -7.049711942672729492e-01 -5.494357645511627197e-02 7.049666643142700195e-01
1.995086520910263062e-01 6.490059196949005127e-02 -1.499998569488525391e-02 -5.494384467601776123e-02 -7.049711942672729492e-01 -5.494357645511627197e-02 7.049666643142700195e-01
1.995086520910263062e-01 6.490059196949005127e-02 -1.499998569488525391e-02 -5.494384467601776123e-02 -7.049711942672729492e-01 -5.494357645511627197e-02 7.049666643142700195e-01
1.995086520910263062e-01 6.490059196949005127e-02 -1.499998569488525391e-02 -5.494384467601776123e-02 -7.049711942672729492e-01 -5.494357645511627197e-02 7.049666643142700195e-01
1.995086520910263062e-01 6.490059196949005127e-02 -1.499998569488525391e-02 -5.494384467601776123e-02 -7.049711942672729492e-01 -5.494357645511627197e-02 7.049666643142700195e-01
1.995086520910263062e-01 6.490059196949005127e-02 -1.499998569488525391e-02 -5.494384467601776123e-02 -7.049711942672729492e-01 -5.494357645511627197e-02 7.049666643142700195e-01
1.995086520910263062e-01 6.490059196949005127e-02 -1.499998569488525391e-02 -5.494384467601776123e-02 -7.049711942672729492e-01 -5.494357645511627197e-02 7.049666643142700195e-01
1.995196044445037842e-01 6.487599015235900879e-02 -1.505225896835327148e-02 -5.494384467601776123e-02 -7.041574120521545410e-01 -5.528976768255233765e-02 7.057524323463439941e-01
1.995229870080947876e-01 6.257887184619903564e-02 -1.500001549720764160e-02 -5.506453663110733032e-02 -7.049782276153564453e-01 -5.504071712493896484e-02 7.049426436424255371e-01
1.995694786310195923e-01 6.076420843601226807e-02 -1.499998569488525391e-02 -5.509605258703231812e-02 -7.049604654312133789e-01 -5.509078130125999451e-02 7.049540281295776367e-01
1.995485424995422363e-01 5.824823677539825439e-02 -1.499998569488525391e-02 -5.504247546195983887e-02 -7.049604654312133789e-01 -5.504247546195983887e-02 7.049619555473327637e-01
1.995797902345657349e-01 5.674863606691360474e-02 -1.500004529953002930e-02 -5.504843220114707947e-02 -7.049603462219238281e-01 -5.504734814167022705e-02 7.049612402915954590e-01
1.995781958103179932e-01 5.526975542306900024e-02 -1.500004529953002930e-02 -5.495537072420120239e-02 -7.049675583839416504e-01 -5.495591461658477783e-02 7.049683928489685059e-01
1.999955773353576660e-01 5.342261120676994324e-02 -1.615738868713378906e-02 -3.980484232306480408e-02 -7.072504162788391113e-01 -6.528011709451675415e-02 7.028164267539978027e-01
2.014183551073074341e-01 5.307272821664810181e-02 -1.538243889808654785e-02 -5.675810202956199646e-02 -7.048261165618896484e-01 -4.810608178377151489e-02 7.054675817489624023e-01
2.011477947235107422e-01 5.253915116190910339e-02 -1.499998569488525391e-02 -5.812021344900131226e-02 -7.047138214111328125e-01 -5.812059715390205383e-02 7.047144174575805664e-01
2.009270787239074707e-01 5.150991678237915039e-02 -1.500001549720764160e-02 -5.838088318705558777e-02 -7.046918869018554688e-01 -5.837999284267425537e-02 7.046934366226196289e-01
2.008320987224578857e-01 5.125400424003601074e-02 -1.499468088150024414e-02 -6.004928797483444214e-02 -7.014874815940856934e-01 -5.764097720384597778e-02 7.078043222427368164e-01
2.008897215127944946e-01 5.126474052667617798e-02 -1.499998569488525391e-02 -5.919856578111648560e-02 -7.046254873275756836e-01 -5.919818580150604248e-02 7.046232819557189941e-01
2.010508030652999878e-01 5.124298110604286194e-02 -1.500847935676574707e-02 -5.980361625552177429e-02 -7.047609090805053711e-01 -5.977021902799606323e-02 7.043884396553039551e-01
2.020195424556732178e-01 5.106866359710693359e-02 -1.500952243804931641e-02 -5.994634330272674561e-02 -7.047798037528991699e-01 -5.990979075431823730e-02 7.043455839157104492e-01
2.024862617254257202e-01 5.100426077842712402e-02 -1.502108573913574219e-02 -6.006554141640663147e-02 -7.050466537475585938e-01 -5.999144166707992554e-02 7.040613293647766113e-01
2.024506926536560059e-01 5.103041231632232666e-02 -1.503229141235351562e-02 -6.053161248564720154e-02 -7.052562832832336426e-01 -6.037990376353263855e-02 7.037782669067382812e-01
2.024580687284469604e-01 5.106843262910842896e-02 -1.505416631698608398e-02 -5.913119018077850342e-02 -7.034908533096313477e-01 -5.947142466902732849e-02 7.057388424873352051e-01
2.024951279163360596e-01 5.110368877649307251e-02 -1.510226726531982422e-02 -5.828151106834411621e-02 -7.040158510208129883e-01 -6.005251407623291016e-02 7.052366137504577637e-01
2.025159001350402832e-01 5.111093074083328247e-02 -1.511228084564208984e-02 -5.816442146897315979e-02 -7.038449645042419434e-01 -6.003179028630256653e-02 7.054185271263122559e-01
2.015415281057357788e-01 5.109743401408195496e-02 -1.513531804084777832e-02 -5.800536647439002991e-02 -7.035608291625976562e-01 -6.020380929112434387e-02 7.057003974914550781e-01
2.003021836280822754e-01 5.110052973031997681e-02 -1.516571640968322754e-02 -5.816006660461425781e-02 -7.019966244697570801e-01 -6.009703874588012695e-02 7.072527408599853516e-01
1.963939964771270752e-01 5.107462406158447266e-02 -1.525419950485229492e-02 -5.892203748226165771e-02 -7.008618116378784180e-01 -5.724785476922988892e-02 7.085503339767456055e-01
1.934279501438140869e-01 5.457862466573715210e-02 -2.348089218139648438e-02 -6.513363122940063477e-02 -7.015121579170227051e-01 -5.096958205103874207e-02 7.078420519828796387e-01
1.905684620141983032e-01 5.886886641383171082e-02 -3.340336680412292480e-02 -7.505120337009429932e-02 -7.022453546524047852e-01 -4.093088582158088684e-02 7.067838907241821289e-01
1.854063123464584351e-01 6.474961340427398682e-02 -4.347905516624450684e-02 -8.572934567928314209e-02 -7.026206254959106445e-01 -3.055734746158123016e-02 7.057201266288757324e-01
1.799791902303695679e-01 7.182078063488006592e-02 -5.343782901763916016e-02 -9.719549119472503662e-02 -7.030446529388427734e-01 -1.899596117436885834e-02 7.042161226272583008e-01
1.740513890981674194e-01 8.166833221912384033e-02 -6.093728542327880859e-02 -1.071665436029434204e-01 -7.031928896903991699e-01 -9.241940453648567200e-03 7.028155326843261719e-01
1.697178483009338379e-01 9.172046929597854614e-02 -6.573560833930969238e-02 -1.162349134683609009e-01 -7.033072710037231445e-01 0.000000000000000000e+00 7.013189792633056641e-01
