1.163156107068061829e-01 6.485638022422790527e-02 -1.499995589256286621e-02 -6.348125636577606201e-02 -7.042540907859802246e-01 -6.348055601119995117e-02 7.042489051818847656e-01
1.163156107068061829e-01 6.485638022422790527e-02 -1.499998569488525391e-02 -6.348149478435516357e-02 -7.042539715766906738e-01 -6.348066776990890503e-02 7.042490243911743164e-01
1.163156107068061829e-01 6.485638022422790527e-02 -1.499995589256286621e-02 -6.348149478435516357e-02 -7.042539715766906738e-01 -6.348078697919845581e-02 7.042489647865295410e-01
1.163156032562255859e-01 6.485638022422790527e-02 -1.499995589256286621e-02 -6.348125636577606201e-02 -7.042538523674011230e-01 -6.348078697919845581e-02 7.042490839958190918e-01
1.163156181573867798e-01 6.485638022422790527e-02 -1.499995589256286621e-02 -6.348125636577606201e-02 -7.042540907859802246e-01 -6.348055601119995117e-02 7.042489051818847656e-01
1.163156107068061829e-01 6.485637277364730835e-02 -1.499998569488525391e-02 -6.348113715648651123e-02 -7.042539715766906738e-01 -6.348066776990890503e-02 7.042490243911743164e-01
1.163156107068061829e-01 6.485638022422790527e-02 -1.499998569488525391e-02 -6.348172575235366821e-02 -7.042539119720458984e-01 -6.348078697919845581e-02 7.042490243911743164e-01
1.163156032562255859e-01 6.485638022422790527e-02 -1.499998569488525391e-02 -6.348137557506561279e-02 -7.042538523674011230e-01 -6.348066776990890503e-02 7.042491436004638672e-01
1.163156032562255859e-01 6.485636532306671143e-02 -1.499998569488525391e-02 -6.348137557506561279e-02 -7.042538523674011230e-01 -6.348066776990890503e-02 7.042490839958190918e-01
1.163156107068061829e-01 6.485638022422790527e-02 -1.499998569488525391e-02 -6.348149478435516357e-02 -7.042538523674011230e-01 -6.348090618848800659e-02 7.042490839958190918e-01
1.163156107068061829e-01 6.485638022422790527e-02 -1.499998569488525391e-02 -6.348160654306411743e-02 -7.042539715766906738e-01 -6.348090618848800659e-02 7.042489647865295410e-01
1.163156107068061829e-01 6.485638022422790527e-02 -1.499995589256286621e-02 -6.348137557506561279e-02 -7.042540311813354492e-01 -6.348066776990890503e-02 7.042489647865295410e-01
1.163156107068061829e-01 6.485638022422790527e-02 -1.499998569488525391e-02 -6.348137557506561279e-02 -7.042540311813354492e-01 -6.348090618848800659e-02 7.042489647865295410e-01
1.163156107068061829e-01 6.485638022422790527e-02 -1.499995589256286621e-02 -6.348125636577606201e-02 -7.042540907859802246e-01 -6.348055601119995117e-02 7.042489051818847656e-01
1.163156107068061829e-01 6.485638022422790527e-02 -1.499998569488525391e-02 -6.348149478435516357e-02 -7.042539715766906738e-01 -6.348066776990890503e-02 7.042490243911743164e-01
1.163156107068061829e-01 6.485638022422790527e-02 -1.499995589256286621e-02 -6.348149478435516357e-02 -7.042539715766906738e-01 -6.348078697919845581e-02 7.042489647865295410e-01
1.163156032562255859e-01 6.485638022422790527e-02 -1.499995589256286621e-02 -6.348125636577606201e-02 -7.042538523674011230e-01 -6.348078697919845581e-02 7.042490839958190918e-01
1.163156181573867798e-01 6.485638022422790527e-02 -1.499995589256286621e-02 -6.348125636577606201e-02 -7.042540907859802246e-01 -6.348055601119995117e-02 7.042489051818847656e-01
1.163156107068061829e-01 6.485637277364730835e-02 -1.499998569488525391e-02 -6.348113715648651123e-02 -7.042539715766906738e-01 -6.348066776990890503e-02 7.042490243911743164e-01
1.163156107068061829e-01 6.485638022422790527e-02 -1.499998569488525391e-02 -6.348172575235366821e-02 -7.042539119720458984e-01 -6.348078697919845581e-02 7.042490243911743164e-01
1.163156032562255859e-01 6.485638022422790527e-02 -1.499998569488525391e-02 -6.348137557506561279e-02 -7.042538523674011230e-01 -6.348066776990890503e-02 7.042491436004638672e-01
1.163156032562255859e-01 6.485636532306671143e-02 -1.499998569488525391e-02 -6.348137557506561279e-02 -7.042538523674011230e-01 -6.348066776990890503e-02 7.042490839958190918e-01
1.163156107068061829e-01 6.485638022422790527e-02 -1.499998569488525391e-02 -6.348149478435516357e-02 -7.042538523674011230e-01 -6.348090618848800659e-02 7.042490839958190918e-01
1.163156032562255859e-01 6.485637277364730835e-02 -1.499998569488525391e-02 -6.348125636577606201e-02 -7.042538523674011230e-01 -6.348066776990890503e-02 7.042491436004638672e-01
1.163156107068061829e-01 6.485638022422790527e-02 -1.499998569488525391e-02 -6.348102539777755737e-02 -7.042538523674011230e-01 -6.348078697919845581e-02 7.042491436004638672e-01
1.163156107068061829e-01 6.485638022422790527e-02 -1.499998569488525391e-02 -6.348137557506561279e-02 -7.042540311813354492e-01 -6.348090618848800659e-02 7.042489647865295410e-01
1.163156032562255859e-01 6.485638022422790527e-02 -1.499995589256286621e-02 -6.348125636577606201e-02 -7.042538523674011230e-01 -6.348078697919845581e-02 7.042490839958190918e-01
1.163156181573867798e-01 6.485638022422790527e-02 -1.499995589256286621e-02 -6.348125636577606201e-02 -7.042540907859802246e-01 -6.348055601119995117e-02 7.042489051818847656e-01
1.163156107068061829e-01 6.485637277364730835e-02 -1.499998569488525391e-02 -6.348113715648651123e-02 -7.042539715766906738e-01 -6.348066776990890503e-02 7.042490243911743164e-01
1.163156107068061829e-01 6.485638022422790527e-02 -1.499998569488525391e-02 -6.348172575235366821e-02 -7.042539119720458984e-01 -6.348078697919845581e-02 7.042490243911743164e-01
1.163156032562255859e-01 6.485638022422790527e-02 -1.499998569488525391e-02 -6.348137557506561279e-02 -7.042538523674011230e-01 -6.348066776990890503e-02 7.042491436004638672e-01
1.163156032562255859e-01 6.485636532306671143e-02 -1.499998569488525391e-02 -6.348137557506561279e-02 -7.042538523674011230e-01 -6.348066776990890503e-02 7.042490839958190918e-01
1.163156107068061829e-01 6.485638022422790527e-02 -1.499998569488525391e-02 -6.348149478435516357e-02 -7.042538523674011230e-01 -6.348090618848800659e-02 7.042490839958190918e-01
1.163156107068061829e-01 6.485638022422790527e-02 -1.499998569488525391e-02 -6.348102539777755737e-02 -7.042538523674011230e-01 -6.348078697919845581e-02 7.042491436004638672e-01
1.163156107068061829e-01 6.485638022422790527e-02 -1.499998569488525391e-02 -6.348137557506561279e-02 -7.042540311813354492e-01 -6.348090618848800659e-02 7.042489647865295410e-01
1.163156107068061829e-01 6.485638022422790527e-02 -1.499995589256286621e-02 -6.348125636577606201e-02 -7.042540907859802246e-01 -6.348055601119995117e-02 7.042489051818847656e-01
1.163156107068061829e-01 6.485638022422790527e-02 -1.499998569488525391e-02 -6.348149478435516357e-02 -7.042539715766906738e-01 -6.348066776990890503e-02 7.042490243911743164e-01
1.163156107068061829e-01 6.485638022422790527e-02 -1.499995589256286621e-02 -6.348149478435516357e-02 -7.042539715766906738e-01 -6.348078697919845581e-02 7.042489647865295410e-01
1.163156032562255859e-01 6.485638022422790527e-02 -1.499995589256286621e-02 -6.348125636577606201e-02 -7.042538523674011230e-01 -6.348078697919845581e-02 7.042490839958190918e-01
1.163156181573867798e-01 6.485638022422790527e-02 -1.499995589256286621e-02 -6.348125636577606201e-02 -7.042540907859802246e-01 -6.348055601119995117e-02 7.042489051818847656e-01
1.163156107068061829e-01 6.485637277364730835e-02 -1.499998569488525391e-02 -6.348113715648651123e-02 -7.042539715766906738e-01 -6.348066776990890503e-02 7.042490243911743164e-01
1.163156107068061829e-01 6.485638022422790527e-02 -1.499998569488525391e-02 -6.348172575235366821e-02 -7.042539119720458984e-01 -6.348078697919845581e-02 7.042490243911743164e-01
1.163156032562255859e-01 6.485638022422790527e-02 -1.499998569488525391e-02 -6.348137557506561279e-02 -7.042538523674011230e-01 -6.348066776990890503e-02 7.042491436004638672e-01
1.163156032562255859e-01 6.485636532306671143e-02 -1.499998569488525391e-02 -6.348137557506561279e-02 -7.042538523674011230e-01 -6.348066776990890503e-02 7.042490839958190918e-01
1.163156107068061829e-01 6.485638022422790527e-02 -1.499998569488525391e-02 -6.348149478435516357e-02 -7.042538523674011230e-01 -6.348090618848800659e-02 7.042490839958190918e-01
1.163156032562255859e-01 6.485637277364730835e-02 -1.499998569488525391e-02 -6.348125636577606201e-02 -7.042538523674011230e-01 -6.348066776990890503e-02 7.042491436004638672e-01
1.163156107068061829e-01 6.485638022422790527e-02 -1.499998569488525391e-02 -6.348102539777755737e-02 -7.042538523674011230e-01 -6.348078697919845581e-02 7.042491436004638672e-01
1.163156107068061829e-01 6.485638022422790527e-02 -1.499998569488525391e-02 -6.348137557506561279e-02 -7.042540311813354492e-01 -6.348090618848800659e-02 7.042489647865295410e-01
1.163156107068061829e-01 6.485638022422790527e-02 -1.499995589256286621e-02 -6.348125636577606201e-02 -7.042540907859802246e-01 -6.348055601119995117e-02 7.042489051818847656e-01
1.163156107068061829e-01 6.485638022422790527e-02 -1.499998569488525391e-02 -6.348149478435516357e-02 -7.042539715766906738e-01 -6.348066776990890503e-02 7.042490243911743164e-01
1.163156107068061829e-01 6.485638022422790527e-02 -1.499995589256286621e-02 -6.348149478435516357e-02 -7.042539715766906738e-01 -6.348078697919845581e-02 7.042489647865295410e-01
1.163156107068061829e-01 6.485638022422790527e-02 -1.499998569488525391e-02 -6.348172575235366821e-02 -7.042539119720458984e-01 -6.348078697919845581e-02 7.042490243911743164e-01
1.163156032562255859e-01 6.485638022422790527e-02 -1.499998569488525391e-02 -6.348137557506561279e-02 -7.042538523674011230e-01 -6.348066776990890503e-02 7.042491436004638672e-01
1.163156032562255859e-01 6.485636532306671143e-02 -1.499998569488525391e-02 -6.348137557506561279e-02 -7.042538523674011230e-01 -6.348066776990890503e-02 7.042490839958190918e-01
1.163156107068061829e-01 6.485638022422790527e-02 -1.499998569488525391e-02 -6.348149478435516357e-02 -7.042538523674011230e-01 -6.348090618848800659e-02 7.042490839958190918e-01
1.163156032562255859e-01 6.485637277364730835e-02 -1.499998569488525391e-02 -6.348125636577606201e-02 -7.042538523674011230e-01 -6.348066776990890503e-02 7.042491436004638672e-01
1.163156107068061829e-01 6.485638022422790527e-02 -1.499998569488525391e-02 -6.348102539777755737e-02 -7.042538523674011230e-01 -6.348078697919845581e-02 7.042491436004638672e-01
1.163156107068061829e-01 6.485638022422790527e-02 -1.499998569488525391e-02 -6.348137557506561279e-02 -7.042540311813354492e-01 -6.348090618848800659e-02 7.042489647865295410e-01
1.163156107068061829e-01 6.485638022422790527e-02 -1.499995589256286621e-02 -6.348125636577606201e-02 -7.042540907859802246e-01 -6.348055601119995117e-02 7.042489051818847656e-01
1.163156107068061829e-01 6.485638022422790527e-02 -1.499998569488525391e-02 -6.348149478435516357e-02 -7.042539715766906738e-01 -6.348066776990890503e-02 7.042490243911743164e-01
1.163156107068061829e-01 6.485638022422790527e-02 -1.499995589256286621e-02 -6.348149478435516357e-02 -7.042539715766906738e-01 -6.348078697919845581e-02 7.042489647865295410e-01
1.163156032562255859e-01 6.485638022422790527e-02 -1.499995589256286621e-02 -6.348125636577606201e-02 -7.042538523674011230e-01 -6.348078697919845581e-02 7.042490839958190918e-01
1.163156181573867798e-01 6.485638022422790527e-02 -1.499995589256286621e-02 -6.348125636577606201e-02 -7.042540907859802246e-01 -6.348055601119995117e-02 7.042489051818847656e-01
1.163156107068061829e-01 6.485637277364730835e-02 -1.499998569488525391e-02 -6.348113715648651123e-02 -7.042539715766906738e-01 -6.348066776990890503e-02 7.042490243911743164e-01
1.163156107068061829e-01 6.485638022422790527e-02 -1.499998569488525391e-02 -6.348172575235366821e-02 -7.042539119720458984e-01 -6.348078697919845581e-02 7.042490243911743164e-01
1.163156032562255859e-01 6.485638022422790527e-02 -1.499998569488525391e-02 -6.348137557506561279e-02 -7.042538523674011230e-01 -6.348066776990890503e-02 7.042491436004638672e-01
1.163156032562255859e-01 6.485636532306671143e-02 -1.499998569488525391e-02 -6.348137557506561279e-02 -7.042538523674011230e-01 -6.348066776990890503e-02 7.042490839958190918e-01
1.163156107068061829e-01 6.485638022422790527e-02 -1.499998569488525391e-02 -6.348149478435516357e-02 -7.042538523674011230e-01 -6.348090618848800659e-02 7.042490839958190918e-01
1.163156032562255859e-01 6.485637277364730835e-02 -1.499998569488525391e-02 -6.348125636577606201e-02 -7.042538523674011230e-01 -6.348066776990890503e-02 7.042491436004638672e-01
1.163156107068061829e-01 6.485638022422790527e-02 -1.499998569488525391e-02 -6.348102539777755737e-02 -7.042538523674011230e-01 -6.348078697919845581e-02 7.042491436004638672e-01
1.163156107068061829e-01 6.485638022422790527e-02 -1.499998569488525391e-02 -6.348137557506561279e-02 -7.042540311813354492e-01 -6.348090618848800659e-02 7.042489647865295410e-01
1.163156107068061829e-01 6.485638022422790527e-02 -1.499995589256286621e-02 -6.348125636577606201e-02 -7.042540907859802246e-01 -6.348055601119995117e-02 7.042489051818847656e-01
1.163156107068061829e-01 6.485638022422790527e-02 -1.499998569488525391e-02 -6.348149478435516357e-02 -7.042539715766906738e-01 -6.348066776990890503e-02 7.042490243911743164e-01
1.163156107068061829e-01 6.485638022422790527e-02 -1.499995589256286621e-02 -6.348149478435516357e-02 -7.042539715766906738e-01 -6.348078697919845581e-02 7.042489647865295410e-01
1.163156032562255859e-01 6.485638022422790527e-02 -1.499995589256286621e-02 -6.348125636577606201e-02 -7.042538523674011230e-01 -6.348078697919845581e-02 7.042490839958190918e-01
1.163156181573867798e-01 6.485638022422790527e-02 -1.499995589256286621e-02 -6.348125636577606201e-02 -7.042540907859802246e-01 -6.348055601119995117e-02 7.042489051818847656e-01
1.163156107068061829e-01 6.485637277364730835e-02 -1.499998569488525391e-02 -6.348113715648651123e-02 -7.042539715766906738e-01 -6.348066776990890503e-02 7.042490243911743164e-01
1.163156107068061829e-01 6.485638022422790527e-02 -1.499998569488525391e-02 -6.348172575235366821e-02 -7.042539119720458984e-01 -6.348078697919845581e-02 7.042490243911743164e-01
1.163156032562255859e-01 6.485638022422790527e-02 -1.499998569488525391e-02 -6.348137557506561279e-02 -7.042538523674011230e-01 -6.348066776990890503e-02 7.042491436004638672e-01
1.163156032562255859e-01 6.485636532306671143e-02 -1.499998569488525391e-02 -6.348137557506561279e-02 -7.042538523674011230e-01 -6.348066776990890503e-02 7.042490839958190918e-01
1.163156107068061829e-01 6.485638022422790527e-02 -1.499998569488525391e-02 -6.348149478435516357e-02 -7.042538523674011230e-01 -6.348090618848800659e-02 7.042490839958190918e-01
1.163156032562255859e-01 6.485637277364730835e-02 -1.499998569488525391e-02 -6.348125636577606201e-02 -7.042538523674011230e-01 -6.348066776990890503e-02 7.042491436004638672e-01
1.163156107068061829e-01 6.485638022422790527e-02 -1.499998569488525391e-02 -6.348102539777755737e-02 -7.042538523674011230e-01 -6.348078697919845581e-02 7.042491436004638672e-01
1.163156107068061829e-01 6.485638022422790527e-02 -1.499998569488525391e-02 -6.348137557506561279e-02 -7.042540311813354492e-01 -6.348090618848800659e-02 7.042489647865295410e-01
1.163156107068061829e-01 6.485638022422790527e-02 -1.499995589256286621e-02 -6.348125636577606201e-02 -7.042540907859802246e-01 -6.348055601119995117e-02 7.042489051818847656e-01
1.163156107068061829e-01 6.485638022422790527e-02 -1.499998569488525391e-02 -6.348149478435516357e-02 -7.042539715766906738e-01 -6.348066776990890503e-02 7.042490243911743164e-01
1.163156107068061829e-01 6.485638022422790527e-02 -1.499995589256286621e-02 -6.348149478435516357e-02 -7.042539715766906738e-01 -6.348078697919845581e-02 7.042489647865295410e-01
1.163156032562255859e-01 6.485638022422790527e-02 -1.499995589256286621e-02 -6.348125636577606201e-02 -7.042538523674011230e-01 -6.348078697919845581e-02 7.042490839958190918e-01
1.163156181573867798e-01 6.485638022422790527e-02 -1.499995589256286621e-02 -6.348125636577606201e-02 -7.042540907859802246e-01 -6.348055601119995117e-02 7.042489051818847656e-01
1.163156107068061829e-01 6.485637277364730835e-02 -1.499998569488525391e-02 -6.348113715648651123e-02 -7.042539715766906738e-01 -6.348066776990890503e-02 7.042490243911743164e-01
1.163156107068061829e-01 6.485638022422790527e-02 -1.499998569488525391e-02 -6.348172575235366821e-02 -7.042539119720458984e-01 -6.348078697919845581e-02 7.042490243911743164e-01
1.163156032562255859e-01 6.485638022422790527e-02 -1.499998569488525391e-02 -6.348137557506561279e-02 -7.042538523674011230e-01 -6.348066776990890503e-02 7.042491436004638672e-01
1.163156032562255859e-01 6.485636532306671143e-02 -1.499998569488525391e-02 -6.348137557506561279e-02 -7.042538523674011230e-01 -6.348066776990890503e-02 7.042490839958190918e-01
1.163156107068061829e-01 6.485638022422790527e-02 -1.499998569488525391e-02 -6.348149478435516357e-02 -7.042538523674011230e-01 -6.348090618848800659e-02 7.042490839958190918e-01
1.163156032562255859e-01 6.485637277364730835e-02 -1.499998569488525391e-02 -6.348125636577606201e-02 -7.042538523674011230e-01 -6.348066776990890503e-02 7.042491436004638672e-01
1.163156107068061829e-01 6.485638022422790527e-02 -1.499998569488525391e-02 -6.348102539777755737e-02 -7.042538523674011230e-01 -6.348078697919845581e-02 7.042491436004638672e-01
1.163156107068061829e-01 6.485638022422790527e-02 -1.499998569488525391e-02 -6.348137557506561279e-02 -7.042540311813354492e-01 -6.348090618848800659e-02 7.042489647865295410e-01
1.163156107068061829e-01 6.485638022422790527e-02 -1.499995589256286621e-02 -6.348125636577606201e-02 -7.042540907859802246e-01 -6.348055601119995117e-02 7.042489051818847656e-01
1.163156107068061829e-01 6.485638022422790527e-02 -1.499998569488525391e-02 -6.348149478435516357e-02 -7.042539715766906738e-01 -6.348066776990890503e-02 7.042490243911743164e-01
1.163156107068061829e-01 6.485638022422790527e-02 -1.499995589256286621e-02 -6.348149478435516357e-02 -7.042539715766906738e-01 -6.348078697919845581e-02 7.042489647865295410e-01
1.163156032562255859e-01 6.485638022422790527e-02 -1.499995589256286621e-02 -6.348125636577606201e-02 -7.042538523674011230e-01 -6.348078697919845581e-02 7.042490839958190918e-01
1.163156107068061829e-01 6.485637277364730835e-02 -1.499998569488525391e-02 -6.348113715648651123e-02 -7.042539715766906738e-01 -6.348066776990890503e-02 7.042490243911743164e-01
1.163156107068061829e-01 6.485638022422790527e-02 -1.499998569488525391e-02 -6.348172575235366821e-02 -7.042539119720458984e-01 -6.348078697919845581e-02 7.042490243911743164e-01
1.163156032562255859e-01 6.485638022422790527e-02 -1.499998569488525391e-02 -6.348137557506561279e-02 -7.042538523674011230e-01 -6.348066776990890503e-02 7.042491436004638672e-01
1.163156032562255859e-01 6.485636532306671143e-02 -1.499998569488525391e-02 -6.348137557506561279e-02 -7.042538523674011230e-01 -6.348066776990890503e-02 7.042490839958190918e-01
1.163156107068061829e-01 6.485638022422790527e-02 -1.499998569488525391e-02 -6.348149478435516357e-02 -7.042538523674011230e-01 -6.348090618848800659e-02 7.042490839958190918e-01
1.163156032562255859e-01 6.485637277364730835e-02 -1.499998569488525391e-02 -6.348125636577606201e-02 -7.042538523674011230e-01 -6.348066776990890503e-02 7.042491436004638672e-01
1.163156107068061829e-01 6.485638022422790527e-02 -1.499998569488525391e-02 -6.348102539777755737e-02 -7.042538523674011230e-01 -6.348078697919845581e-02 7.042491436004638672e-01
1.163156107068061829e-01 6.485638022422790527e-02 -1.499998569488525391e-02 -6.348137557506561279e-02 -7.042540311813354492e-01 -6.348090618848800659e-02 7.042489647865295410e-01
1.163156107068061829e-01 6.485638022422790527e-02 -1.499995589256286621e-02 -6.348125636577606201e-02 -7.042540907859802246e-01 -6.348055601119995117e-02 7.042489051818847656e-01
1.163156107068061829e-01 6.485638022422790527e-02 -1.499998569488525391e-02 -6.348149478435516357e-02 -7.042539715766906738e-01 -6.348066776990890503e-02 7.042490243911743164e-01
1.163156107068061829e-01 6.485637277364730835e-02 -1.499998569488525391e-02 -6.348113715648651123e-02 -7.042539715766906738e-01 -6.348066776990890503e-02 7.042490243911743164e-01
1.161520108580589294e-01 6.437592208385467529e-02 -1.500001549720764160e-02 -6.145194545388221741e-02 -7.044304609298706055e-01 -6.145303696393966675e-02 7.044323086738586426e-01
1.146903708577156067e-01 5.985972285270690918e-02 -1.500213146209716797e-02 -4.101398959755897522e-02 -7.033960819244384766e-01 -3.890846297144889832e-02 7.085463404655456543e-01
1.136997267603874207e-01 5.633277446031570435e-02 -1.499998569488525391e-02 -1.825226657092571259e-02 -7.068733572959899902e-01 -1.825226657092571259e-02 7.068690061569213867e-01
1.136997267603874207e-01 5.633278191089630127e-02 -1.499998569488525391e-02 -1.825308427214622498e-02 -7.068734169006347656e-01 -1.825267635285854340e-02 7.068689465522766113e-01
1.136997267603874207e-01 5.633277818560600281e-02 -1.499998569488525391e-02 -1.825308427214622498e-02 -7.068733572959899902e-01 -1.825226657092571259e-02 7.068689465522766113e-01
1.136997267603874207e-01 5.633277073502540588e-02 -1.499998569488525391e-02 -1.825308427214622498e-02 -7.068732976913452148e-01 -1.825226657092571259e-02 7.068690061569213867e-01
1.136997193098068237e-01 5.633277073502540588e-02 -1.499998569488525391e-02 -1.825349219143390656e-02 -7.068732976913452148e-01 -1.825226657092571259e-02 7.068690061569213867e-01
1.136997267603874207e-01 5.633277446031570435e-02 -1.499998569488525391e-02 -1.825226657092571259e-02 -7.068732976913452148e-01 -1.825226657092571259e-02 7.068690061569213867e-01
1.136997267603874207e-01 5.633277818560600281e-02 -1.499998569488525391e-02 -1.825145073235034943e-02 -7.068733572959899902e-01 -1.825267635285854340e-02 7.068690061569213867e-01
1.136997267603874207e-01 5.633277446031570435e-02 -1.499998569488525391e-02 -1.825145073235034943e-02 -7.068733572959899902e-01 -1.825267635285854340e-02 7.068690061569213867e-01
1.136997267603874207e-01 5.633277446031570435e-02 -1.499998569488525391e-02 -1.825226657092571259e-02 -7.068733572959899902e-01 -1.825226657092571259e-02 7.068690061569213867e-01
1.136997267603874207e-01 5.633278191089630127e-02 -1.499998569488525391e-02 -1.825308427214622498e-02 -7.068734169006347656e-01 -1.825267635285854340e-02 7.068689465522766113e-01
1.136997267603874207e-01 5.633277818560600281e-02 -1.499998569488525391e-02 -1.825308427214622498e-02 -7.068733572959899902e-01 -1.825226657092571259e-02 7.068689465522766113e-01
1.136997267603874207e-01 5.633277073502540588e-02 -1.499998569488525391e-02 -1.825308427214622498e-02 -7.068732976913452148e-01 -1.825226657092571259e-02 7.068690061569213867e-01
1.136997193098068237e-01 5.633277073502540588e-02 -1.499998569488525391e-02 -1.825349219143390656e-02 -7.068732976913452148e-01 -1.825226657092571259e-02 7.068690061569213867e-01
1.136997267603874207e-01 5.633277446031570435e-02 -1.499998569488525391e-02 -1.825226657092571259e-02 -7.068732976913452148e-01 -1.825226657092571259e-02 7.068690061569213867e-01
1.136997267603874207e-01 5.633277818560600281e-02 -1.499998569488525391e-02 -1.825145073235034943e-02 -7.068733572959899902e-01 -1.825267635285854340e-02 7.068690061569213867e-01
1.136997267603874207e-01 5.633277818560600281e-02 -1.499998569488525391e-02 -1.825104281306266785e-02 -7.068733572959899902e-01 -1.825226657092571259e-02 7.068690061569213867e-01
1.136997267603874207e-01 5.633277818560600281e-02 -1.499998569488525391e-02 -1.825308427214622498e-02 -7.068734169006347656e-01 -1.825267635285854340e-02 7.068688869476318359e-01
1.136997342109680176e-01 5.633277818560600281e-02 -1.499998569488525391e-02 -1.825226657092571259e-02 -7.068734765052795410e-01 -1.825226657092571259e-02 7.068688869476318359e-01
1.136997267603874207e-01 5.633277446031570435e-02 -1.499998569488525391e-02 -1.825145073235034943e-02 -7.068733572959899902e-01 -1.825267635285854340e-02 7.068690061569213867e-01
1.136997267603874207e-01 5.633277446031570435e-02 -1.499998569488525391e-02 -1.825226657092571259e-02 -7.068733572959899902e-01 -1.825226657092571259e-02 7.068690061569213867e-01
1.136997267603874207e-01 5.633278191089630127e-02 -1.499998569488525391e-02 -1.825308427214622498e-02 -7.068734169006347656e-01 -1.825267635285854340e-02 7.068689465522766113e-01
1.136997267603874207e-01 5.633277818560600281e-02 -1.499998569488525391e-02 -1.825308427214622498e-02 -7.068733572959899902e-01 -1.825226657092571259e-02 7.068689465522766113e-01
1.136997267603874207e-01 5.633277073502540588e-02 -1.499998569488525391e-02 -1.825308427214622498e-02 -7.068732976913452148e-01 -1.825226657092571259e-02 7.068690061569213867e-01
1.136997193098068237e-01 5.633277073502540588e-02 -1.499998569488525391e-02 -1.825349219143390656e-02 -7.068732976913452148e-01 -1.825226657092571259e-02 7.068690061569213867e-01
1.136997267603874207e-01 5.633277446031570435e-02 -1.499998569488525391e-02 -1.825226657092571259e-02 -7.068732976913452148e-01 -1.825226657092571259e-02 7.068690061569213867e-01
1.136997267603874207e-01 5.633277818560600281e-02 -1.499998569488525391e-02 -1.825145073235034943e-02 -7.068733572959899902e-01 -1.825267635285854340e-02 7.068690061569213867e-01
1.136997267603874207e-01 5.633277818560600281e-02 -1.499998569488525391e-02 -1.825104281306266785e-02 -7.068733572959899902e-01 -1.825226657092571259e-02 7.068690061569213867e-01
1.136997267603874207e-01 5.633277818560600281e-02 -1.499998569488525391e-02 -1.825308427214622498e-02 -7.068734169006347656e-01 -1.825267635285854340e-02 7.068688869476318359e-01
1.136997342109680176e-01 5.633277818560600281e-02 -1.499998569488525391e-02 -1.825226657092571259e-02 -7.068734765052795410e-01 -1.825226657092571259e-02 7.068688869476318359e-01
1.136997267603874207e-01 5.633277446031570435e-02 -1.499998569488525391e-02 -1.825145073235034943e-02 -7.068733572959899902e-01 -1.825267635285854340e-02 7.068690061569213867e-01
1.136997267603874207e-01 5.633277446031570435e-02 -1.499998569488525391e-02 -1.825226657092571259e-02 -7.068733572959899902e-01 -1.825226657092571259e-02 7.068690061569213867e-01
1.136997267603874207e-01 5.633278191089630127e-02 -1.499998569488525391e-02 -1.825308427214622498e-02 -7.068734169006347656e-01 -1.825267635285854340e-02 7.068689465522766113e-01
1.136997267603874207e-01 5.633277818560600281e-02 -1.499998569488525391e-02 -1.825308427214622498e-02 -7.068733572959899902e-01 -1.825226657092571259e-02 7.068689465522766113e-01
1.136997267603874207e-01 5.633277073502540588e-02 -1.499998569488525391e-02 -1.825308427214622498e-02 -7.068732976913452148e-01 -1.825226657092571259e-02 7.068690061569213867e-01
1.136997193098068237e-01 5.633277073502540588e-02 -1.499998569488525391e-02 -1.825349219143390656e-02 -7.068732976913452148e-01 -1.825226657092571259e-02 7.068690061569213867e-01
1.136997267603874207e-01 5.633277446031570435e-02 -1.499998569488525391e-02 -1.825226657092571259e-02 -7.068732976913452148e-01 -1.825226657092571259e-02 7.068690061569213867e-01
1.136997267603874207e-01 5.633277818560600281e-02 -1.499998569488525391e-02 -1.825145073235034943e-02 -7.068733572959899902e-01 -1.825267635285854340e-02 7.068690061569213867e-01
1.136997267603874207e-01 5.633277818560600281e-02 -1.499998569488525391e-02 -1.825104281306266785e-02 -7.068733572959899902e-01 -1.825226657092571259e-02 7.068690061569213867e-01
1.136997267603874207e-01 5.633277818560600281e-02 -1.499998569488525391e-02 -1.825308427214622498e-02 -7.068734169006347656e-01 -1.825267635285854340e-02 7.068688869476318359e-01
1.136997342109680176e-01 5.633277818560600281e-02 -1.499998569488525391e-02 -1.825226657092571259e-02 -7.068734765052795410e-01 -1.825226657092571259e-02 7.068688869476318359e-01
1.136997267603874207e-01 5.633277446031570435e-02 -1.499998569488525391e-02 -1.825145073235034943e-02 -7.068733572959899902e-01 -1.825267635285854340e-02 7.068690061569213867e-01
1.136997267603874207e-01 5.633277446031570435e-02 -1.499998569488525391e-02 -1.825226657092571259e-02 -7.068733572959899902e-01 -1.825226657092571259e-02 7.068690061569213867e-01
1.136997267603874207e-01 5.633278191089630127e-02 -1.499998569488525391e-02 -1.825308427214622498e-02 -7.068734169006347656e-01 -1.825267635285854340e-02 7.068689465522766113e-01
1.136997267603874207e-01 5.633277818560600281e-02 -1.499998569488525391e-02 -1.825308427214622498e-02 -7.068733572959899902e-01 -1.825226657092571259e-02 7.068689465522766113e-01
1.136997267603874207e-01 5.633277073502540588e-02 -1.499998569488525391e-02 -1.825308427214622498e-02 -7.068732976913452148e-01 -1.825226657092571259e-02 7.068690061569213867e-01
1.136997193098068237e-01 5.633277073502540588e-02 -1.499998569488525391e-02 -1.825349219143390656e-02 -7.068732976913452148e-01 -1.825226657092571259e-02 7.068690061569213867e-01
1.136997267603874207e-01 5.633277446031570435e-02 -1.499998569488525391e-02 -1.825226657092571259e-02 -7.068732976913452148e-01 -1.825226657092571259e-02 7.068690061569213867e-01
1.136997267603874207e-01 5.633277818560600281e-02 -1.499998569488525391e-02 -1.825145073235034943e-02 -7.068733572959899902e-01 -1.825267635285854340e-02 7.068690061569213867e-01
1.136997267603874207e-01 5.633277818560600281e-02 -1.499998569488525391e-02 -1.825104281306266785e-02 -7.068733572959899902e-01 -1.825226657092571259e-02 7.068690061569213867e-01
1.136997267603874207e-01 5.633277818560600281e-02 -1.499998569488525391e-02 -1.825308427214622498e-02 -7.068734169006347656e-01 -1.825267635285854340e-02 7.068688869476318359e-01
1.136997342109680176e-01 5.633277818560600281e-02 -1.499998569488525391e-02 -1.825226657092571259e-02 -7.068734765052795410e-01 -1.825226657092571259e-02 7.068688869476318359e-01
1.136997267603874207e-01 5.633277446031570435e-02 -1.499998569488525391e-02 -1.825145073235034943e-02 -7.068733572959899902e-01 -1.825267635285854340e-02 7.068690061569213867e-01
1.136997267603874207e-01 5.633277446031570435e-02 -1.499998569488525391e-02 -1.825226657092571259e-02 -7.068733572959899902e-01 -1.825226657092571259e-02 7.068690061569213867e-01
1.136997267603874207e-01 5.633278191089630127e-02 -1.499998569488525391e-02 -1.825308427214622498e-02 -7.068734169006347656e-01 -1.825267635285854340e-02 7.068689465522766113e-01
1.136997267603874207e-01 5.633277073502540588e-02 -1.499998569488525391e-02 -1.825308427214622498e-02 -7.068732976913452148e-01 -1.825226657092571259e-02 7.068690061569213867e-01
1.136997193098068237e-01 5.633277073502540588e-02 -1.499998569488525391e-02 -1.825349219143390656e-02 -7.068732976913452148e-01 -1.825226657092571259e-02 7.068690061569213867e-01
1.136997267603874207e-01 5.633277446031570435e-02 -1.499998569488525391e-02 -1.825226657092571259e-02 -7.068732976913452148e-01 -1.825226657092571259e-02 7.068690061569213867e-01
1.136997267603874207e-01 5.633277818560600281e-02 -1.499998569488525391e-02 -1.825145073235034943e-02 -7.068733572959899902e-01 -1.825267635285854340e-02 7.068690061569213867e-01
1.136997267603874207e-01 5.633277818560600281e-02 -1.499998569488525391e-02 -1.825104281306266785e-02 -7.068733572959899902e-01 -1.825226657092571259e-02 7.068690061569213867e-01
1.136997267603874207e-01 5.633277818560600281e-02 -1.499998569488525391e-02 -1.825308427214622498e-02 -7.068734169006347656e-01 -1.825267635285854340e-02 7.068688869476318359e-01
1.136997267603874207e-01 5.633277446031570435e-02 -1.499998569488525391e-02 -1.825145073235034943e-02 -7.068733572959899902e-01 -1.825267635285854340e-02 7.068690061569213867e-01
1.136997267603874207e-01 5.633277446031570435e-02 -1.499998569488525391e-02 -1.825226657092571259e-02 -7.068733572959899902e-01 -1.825226657092571259e-02 7.068690061569213867e-01
1.136997267603874207e-01 5.633277818560600281e-02 -1.499998569488525391e-02 -1.825308427214622498e-02 -7.068733572959899902e-01 -1.825226657092571259e-02 7.068689465522766113e-01
1.136997267603874207e-01 5.633277073502540588e-02 -1.499998569488525391e-02 -1.825308427214622498e-02 -7.068732976913452148e-01 -1.825226657092571259e-02 7.068690061569213867e-01
1.136997193098068237e-01 5.633277073502540588e-02 -1.499998569488525391e-02 -1.825349219143390656e-02 -7.068732976913452148e-01 -1.825226657092571259e-02 7.068690061569213867e-01
1.136997267603874207e-01 5.633277818560600281e-02 -1.499998569488525391e-02 -1.825104281306266785e-02 -7.068733572959899902e-01 -1.825226657092571259e-02 7.068690061569213867e-01
1.136997267603874207e-01 5.633277818560600281e-02 -1.499998569488525391e-02 -1.825308427214622498e-02 -7.068734169006347656e-01 -1.825267635285854340e-02 7.068688869476318359e-01
1.136997342109680176e-01 5.633277818560600281e-02 -1.499998569488525391e-02 -1.825226657092571259e-02 -7.068734765052795410e-01 -1.825226657092571259e-02 7.068688869476318359e-01
1.136997267603874207e-01 5.633277446031570435e-02 -1.499998569488525391e-02 -1.825145073235034943e-02 -7.068733572959899902e-01 -1.825267635285854340e-02 7.068690061569213867e-01
1.136997267603874207e-01 5.633277446031570435e-02 -1.499998569488525391e-02 -1.825226657092571259e-02 -7.068733572959899902e-01 -1.825226657092571259e-02 7.068690061569213867e-01
1.136997267603874207e-01 5.633278191089630127e-02 -1.499998569488525391e-02 -1.825308427214622498e-02 -7.068734169006347656e-01 -1.825267635285854340e-02 7.068689465522766113e-01
1.136997267603874207e-01 5.633277818560600281e-02 -1.499998569488525391e-02 -1.825308427214622498e-02 -7.068733572959899902e-01 -1.825226657092571259e-02 7.068689465522766113e-01
1.136997267603874207e-01 5.633277073502540588e-02 -1.499998569488525391e-02 -1.825308427214622498e-02 -7.068732976913452148e-01 -1.825226657092571259e-02 7.068690061569213867e-01
1.136997193098068237e-01 5.633277073502540588e-02 -1.499998569488525391e-02 -1.825349219143390656e-02 -7.068732976913452148e-01 -1.825226657092571259e-02 7.068690061569213867e-01
1.136997342109680176e-01 5.633277818560600281e-02 -1.499998569488525391e-02 -1.825226657092571259e-02 -7.068734765052795410e-01 -1.825226657092571259e-02 7.068688869476318359e-01
1.136997267603874207e-01 5.633277446031570435e-02 -1.499998569488525391e-02 -1.825145073235034943e-02 -7.068733572959899902e-01 -1.825267635285854340e-02 7.068690061569213867e-01
1.136997267603874207e-01 5.633277446031570435e-02 -1.499998569488525391e-02 -1.825226657092571259e-02 -7.068733572959899902e-01 -1.825226657092571259e-02 7.068690061569213867e-01
1.136997267603874207e-01 5.633278191089630127e-02 -1.499998569488525391e-02 -1.825308427214622498e-02 -7.068734169006347656e-01 -1.825267635285854340e-02 7.068689465522766113e-01
1.136997267603874207e-01 5.633277818560600281e-02 -1.499998569488525391e-02 -1.825308427214622498e-02 -7.068733572959899902e-01 -1.825226657092571259e-02 7.068689465522766113e-01
1.136997267603874207e-01 5.633277073502540588e-02 -1.499998569488525391e-02 -1.825308427214622498e-02 -7.068732976913452148e-01 -1.825226657092571259e-02 7.068690061569213867e-01
1.136997193098068237e-01 5.633277073502540588e-02 -1.499998569488525391e-02 -1.825349219143390656e-02 -7.068732976913452148e-01 -1.825226657092571259e-02 7.068690061569213867e-01
1.136997267603874207e-01 5.633277446031570435e-02 -1.499998569488525391e-02 -1.825226657092571259e-02 -7.068732976913452148e-01 -1.825226657092571259e-02 7.068690061569213867e-01
1.136997267603874207e-01 5.633277818560600281e-02 -1.499998569488525391e-02 -1.825145073235034943e-02 -7.068733572959899902e-01 -1.825267635285854340e-02 7.068690061569213867e-01
1.136997267603874207e-01 5.633277818560600281e-02 -1.499998569488525391e-02 -1.825104281306266785e-02 -7.068733572959899902e-01 -1.825226657092571259e-02 7.068690061569213867e-01
1.136997267603874207e-01 5.633277818560600281e-02 -1.499998569488525391e-02 -1.825308427214622498e-02 -7.068734169006347656e-01 -1.825267635285854340e-02 7.068688869476318359e-01
1.136997267603874207e-01 5.633277446031570435e-02 -1.499998569488525391e-02 -1.825226657092571259e-02 -7.068733572959899902e-01 -1.825226657092571259e-02 7.068690061569213867e-01
1.136997267603874207e-01 5.633278191089630127e-02 -1.499998569488525391e-02 -1.825308427214622498e-02 -7.068734169006347656e-01 -1.825267635285854340e-02 7.068689465522766113e-01
1.136997267603874207e-01 5.633277818560600281e-02 -1.499998569488525391e-02 -1.825308427214622498e-02 -7.068733572959899902e-01 -1.825226657092571259e-02 7.068689465522766113e-01
1.136997267603874207e-01 5.633277073502540588e-02 -1.499998569488525391e-02 -1.825308427214622498e-02 -7.068732976913452148e-01 -1.825226657092571259e-02 7.068690061569213867e-01
1.136997193098068237e-01 5.633277073502540588e-02 -1.499998569488525391e-02 -1.825349219143390656e-02 -7.068732976913452148e-01 -1.825226657092571259e-02 7.068690061569213867e-01
1.136997267603874207e-01 5.633277446031570435e-02 -1.499998569488525391e-02 -1.825226657092571259e-02 -7.068732976913452148e-01 -1.825226657092571259e-02 7.068690061569213867e-01
1.136997267603874207e-01 5.633277818560600281e-02 -1.499998569488525391e-02 -1.825145073235034943e-02 -7.068733572959899902e-01 -1.825267635285854340e-02 7.068690061569213867e-01
1.136997267603874207e-01 5.633277818560600281e-02 -1.499998569488525391e-02 -1.825308427214622498e-02 -7.068733572959899902e-01 -1.825226657092571259e-02 7.068689465522766113e-01
1.136997267603874207e-01 5.633277818560600281e-02 -1.499998569488525391e-02 -1.825104281306266785e-02 -7.068733572959899902e-01 -1.825226657092571259e-02 7.068690061569213867e-01
1.136997267603874207e-01 5.633277818560600281e-02 -1.499998569488525391e-02 -1.825308427214622498e-02 -7.068734169006347656e-01 -1.825267635285854340e-02 7.068688869476318359e-01
1.136997342109680176e-01 5.633277818560600281e-02 -1.499998569488525391e-02 -1.825226657092571259e-02 -7.068734765052795410e-01 -1.825226657092571259e-02 7.068688869476318359e-01
1.136997267603874207e-01 5.633277446031570435e-02 -1.499998569488525391e-02 -1.825145073235034943e-02 -7.068733572959899902e-01 -1.825267635285854340e-02 7.068690061569213867e-01
1.136997267603874207e-01 5.633277446031570435e-02 -1.499998569488525391e-02 -1.825226657092571259e-02 -7.068733572959899902e-01 -1.825226657092571259e-02 7.068690061569213867e-01
1.136997267603874207e-01 5.633278191089630127e-02 -1.499998569488525391e-02 -1.825308427214622498e-02 -7.068734169006347656e-01 -1.825267635285854340e-02 7.068689465522766113e-01
1.136997267603874207e-01 5.633277818560600281e-02 -1.499998569488525391e-02 -1.825308427214622498e-02 -7.068733572959899902e-01 -1.825226657092571259e-02 7.068689465522766113e-01
1.136997267603874207e-01 5.633277073502540588e-02 -1.499998569488525391e-02 -1.825308427214622498e-02 -7.068732976913452148e-01 -1.825226657092571259e-02 7.068690061569213867e-01
1.136997193098068237e-01 5.633277073502540588e-02 -1.499998569488525391e-02 -1.825349219143390656e-02 -7.068732976913452148e-01 -1.825226657092571259e-02 7.068690061569213867e-01
1.136997267603874207e-01 5.633277446031570435e-02 -1.499998569488525391e-02 -1.825226657092571259e-02 -7.068732976913452148e-01 -1.825226657092571259e-02 7.068690061569213867e-01
1.136997267603874207e-01 5.633277818560600281e-02 -1.499998569488525391e-02 -1.825145073235034943e-02 -7.068733572959899902e-01 -1.825267635285854340e-02 7.068690061569213867e-01
1.136997267603874207e-01 5.633277818560600281e-02 -1.499998569488525391e-02 -1.825104281306266785e-02 -7.068733572959899902e-01 -1.825226657092571259e-02 7.068690061569213867e-01
1.136997267603874207e-01 5.633277818560600281e-02 -1.499998569488525391e-02 -1.825308427214622498e-02 -7.068734169006347656e-01 -1.825267635285854340e-02 7.068688869476318359e-01
1.136997342109680176e-01 5.633277818560600281e-02 -1.499998569488525391e-02 -1.825226657092571259e-02 -7.068734765052795410e-01 -1.825226657092571259e-02 7.068688869476318359e-01
1.136997267603874207e-01 5.633277446031570435e-02 -1.499998569488525391e-02 -1.825145073235034943e-02 -7.068733572959899902e-01 -1.825267635285854340e-02 7.068690061569213867e-01
1.136997267603874207e-01 5.633277446031570435e-02 -1.499998569488525391e-02 -1.825226657092571259e-02 -7.068733572959899902e-01 -1.825226657092571259e-02 7.068690061569213867e-01
1.136997267603874207e-01 5.633278191089630127e-02 -1.499998569488525391e-02 -1.825308427214622498e-02 -7.068734169006347656e-01 -1.825267635285854340e-02 7.068689465522766113e-01
1.136997267603874207e-01 5.633277818560600281e-02 -1.499998569488525391e-02 -1.825308427214622498e-02 -7.068733572959899902e-01 -1.825226657092571259e-02 7.068689465522766113e-01
1.136997267603874207e-01 5.633277073502540588e-02 -1.499998569488525391e-02 -1.825308427214622498e-02 -7.068732976913452148e-01 -1.825226657092571259e-02 7.068690061569213867e-01
1.136997193098068237e-01 5.633277073502540588e-02 -1.499998569488525391e-02 -1.825349219143390656e-02 -7.068732976913452148e-01 -1.825226657092571259e-02 7.068690061569213867e-01
1.136997267603874207e-01 5.633277446031570435e-02 -1.499998569488525391e-02 -1.825226657092571259e-02 -7.068732976913452148e-01 -1.825226657092571259e-02 7.068690061569213867e-01
1.136997267603874207e-01 5.633277818560600281e-02 -1.499998569488525391e-02 -1.825145073235034943e-02 -7.068733572959899902e-01 -1.825267635285854340e-02 7.068690061569213867e-01
1.136997267603874207e-01 5.633277818560600281e-02 -1.499998569488525391e-02 -1.825308427214622498e-02 -7.068734169006347656e-01 -1.825267635285854340e-02 7.068688869476318359e-01
1.136997342109680176e-01 5.633277818560600281e-02 -1.499998569488525391e-02 -1.825226657092571259e-02 -7.068734765052795410e-01 -1.825226657092571259e-02 7.068688869476318359e-01
1.136997267603874207e-01 5.633277446031570435e-02 -1.499998569488525391e-02 -1.825145073235034943e-02 -7.068733572959899902e-01 -1.825267635285854340e-02 7.068690061569213867e-01
1.136997267603874207e-01 5.633277446031570435e-02 -1.499998569488525391e-02 -1.825226657092571259e-02 -7.068733572959899902e-01 -1.825226657092571259e-02 7.068690061569213867e-01
1.136997267603874207e-01 5.633278191089630127e-02 -1.499998569488525391e-02 -1.825308427214622498e-02 -7.068734169006347656e-01 -1.825267635285854340e-02 7.068689465522766113e-01
1.136997267603874207e-01 5.633277818560600281e-02 -1.499998569488525391e-02 -1.825308427214622498e-02 -7.068733572959899902e-01 -1.825226657092571259e-02 7.068689465522766113e-01
1.136997267603874207e-01 5.633277073502540588e-02 -1.499998569488525391e-02 -1.825308427214622498e-02 -7.068732976913452148e-01 -1.825226657092571259e-02 7.068690061569213867e-01
1.136997193098068237e-01 5.633277073502540588e-02 -1.499998569488525391e-02 -1.825349219143390656e-02 -7.068732976913452148e-01 -1.825226657092571259e-02 7.068690061569213867e-01
1.136997267603874207e-01 5.633277446031570435e-02 -1.499998569488525391e-02 -1.825226657092571259e-02 -7.068732976913452148e-01 -1.825226657092571259e-02 7.068690061569213867e-01
1.136997267603874207e-01 5.633277818560600281e-02 -1.499998569488525391e-02 -1.825145073235034943e-02 -7.068733572959899902e-01 -1.825267635285854340e-02 7.068690061569213867e-01
1.136997267603874207e-01 5.633277818560600281e-02 -1.499998569488525391e-02 -1.825104281306266785e-02 -7.068733572959899902e-01 -1.825226657092571259e-02 7.068690061569213867e-01
1.136997267603874207e-01 5.633277818560600281e-02 -1.499998569488525391e-02 -1.825308427214622498e-02 -7.068734169006347656e-01 -1.825267635285854340e-02 7.068688869476318359e-01
1.136997342109680176e-01 5.633277818560600281e-02 -1.499998569488525391e-02 -1.825226657092571259e-02 -7.068734765052795410e-01 -1.825226657092571259e-02 7.068688869476318359e-01
1.136997267603874207e-01 5.633277073502540588e-02 -1.499998569488525391e-02 -1.825308427214622498e-02 -7.068732976913452148e-01 -1.825226657092571259e-02 7.068690061569213867e-01
1.136997193098068237e-01 5.633277073502540588e-02 -1.499998569488525391e-02 -1.825349219143390656e-02 -7.068732976913452148e-01 -1.825226657092571259e-02 7.068690061569213867e-01
1.136997267603874207e-01 5.633277446031570435e-02 -1.499998569488525391e-02 -1.825226657092571259e-02 -7.068732976913452148e-01 -1.825226657092571259e-02 7.068690061569213867e-01
1.136997267603874207e-01 5.633277818560600281e-02 -1.499998569488525391e-02 -1.825145073235034943e-02 -7.068733572959899902e-01 -1.825267635285854340e-02 7.068690061569213867e-01
1.136997267603874207e-01 5.633277818560600281e-02 -1.499998569488525391e-02 -1.825104281306266785e-02 -7.068733572959899902e-01 -1.825226657092571259e-02 7.068690061569213867e-01
1.136997267603874207e-01 5.633277818560600281e-02 -1.499998569488525391e-02 -1.825308427214622498e-02 -7.068734169006347656e-01 -1.825267635285854340e-02 7.068688869476318359e-01
1.136997342109680176e-01 5.633277818560600281e-02 -1.499998569488525391e-02 -1.825226657092571259e-02 -7.068734765052795410e-01 -1.825226657092571259e-02 7.068688869476318359e-01
1.136997267603874207e-01 5.633277446031570435e-02 -1.499998569488525391e-02 -1.825145073235034943e-02 -7.068733572959899902e-01 -1.825267635285854340e-02 7.068690061569213867e-01
1.136997267603874207e-01 5.633277446031570435e-02 -1.499998569488525391e-02 -1.825226657092571259e-02 -7.068733572959899902e-01 -1.825226657092571259e-02 7.068690061569213867e-01
1.136997267603874207e-01 5.633278191089630127e-02 -1.499998569488525391e-02 -1.825308427214622498e-02 -7.068734169006347656e-01 -1.825267635285854340e-02 7.068689465522766113e-01
1.136997267603874207e-01 5.633277818560600281e-02 -1.499998569488525391e-02 -1.825308427214622498e-02 -7.068733572959899902e-01 -1.825226657092571259e-02 7.068689465522766113e-01
1.136997267603874207e-01 5.633277073502540588e-02 -1.499998569488525391e-02 -1.825308427214622498e-02 -7.068732976913452148e-01 -1.825226657092571259e-02 7.068690061569213867e-01
1.136997193098068237e-01 5.633277073502540588e-02 -1.499998569488525391e-02 -1.825349219143390656e-02 -7.068732976913452148e-01 -1.825226657092571259e-02 7.068690061569213867e-01
1.136997267603874207e-01 5.633277446031570435e-02 -1.499998569488525391e-02 -1.825226657092571259e-02 -7.068732976913452148e-01 -1.825226657092571259e-02 7.068690061569213867e-01
1.136997267603874207e-01 5.633277818560600281e-02 -1.499998569488525391e-02 -1.825145073235034943e-02 -7.068733572959899902e-01 -1.825267635285854340e-02 7.068690061569213867e-01
1.136997267603874207e-01 5.633277818560600281e-02 -1.499998569488525391e-02 -1.825104281306266785e-02 -7.068733572959899902e-01 -1.825226657092571259e-02 7.068690061569213867e-01
1.136997267603874207e-01 5.633277818560600281e-02 -1.499998569488525391e-02 -1.825308427214622498e-02 -7.068734169006347656e-01 -1.825267635285854340e-02 7.068688869476318359e-01
1.136997342109680176e-01 5.633277818560600281e-02 -1.499998569488525391e-02 -1.825226657092571259e-02 -7.068734765052795410e-01 -1.825226657092571259e-02 7.068688869476318359e-01
1.136997267603874207e-01 5.633277446031570435e-02 -1.499998569488525391e-02 -1.825145073235034943e-02 -7.068733572959899902e-01 -1.825267635285854340e-02 7.068690061569213867e-01
1.136997267603874207e-01 5.633277446031570435e-02 -1.499998569488525391e-02 -1.825226657092571259e-02 -7.068733572959899902e-01 -1.825226657092571259e-02 7.068690061569213867e-01
1.136997267603874207e-01 5.633278191089630127e-02 -1.499998569488525391e-02 -1.825308427214622498e-02 -7.068734169006347656e-01 -1.825267635285854340e-02 7.068689465522766113e-01
1.136997267603874207e-01 5.633277818560600281e-02 -1.499998569488525391e-02 -1.825308427214622498e-02 -7.068733572959899902e-01 -1.825226657092571259e-02 7.068689465522766113e-01
1.136997267603874207e-01 5.633277073502540588e-02 -1.499998569488525391e-02 -1.825308427214622498e-02 -7.068732976913452148e-01 -1.825226657092571259e-02 7.068690061569213867e-01
1.136997193098068237e-01 5.633277073502540588e-02 -1.499998569488525391e-02 -1.825349219143390656e-02 -7.068732976913452148e-01 -1.825226657092571259e-02 7.068690061569213867e-01
1.136997267603874207e-01 5.633277446031570435e-02 -1.499998569488525391e-02 -1.825226657092571259e-02 -7.068732976913452148e-01 -1.825226657092571259e-02 7.068690061569213867e-01
1.136997267603874207e-01 5.633277818560600281e-02 -1.499998569488525391e-02 -1.825145073235034943e-02 -7.068733572959899902e-01 -1.825267635285854340e-02 7.068690061569213867e-01
1.136997267603874207e-01 5.633277818560600281e-02 -1.499998569488525391e-02 -1.825104281306266785e-02 -7.068733572959899902e-01 -1.825226657092571259e-02 7.068690061569213867e-01
1.136997267603874207e-01 5.633277818560600281e-02 -1.499998569488525391e-02 -1.825308427214622498e-02 -7.068734169006347656e-01 -1.825267635285854340e-02 7.068688869476318359e-01
1.136997342109680176e-01 5.633277818560600281e-02 -1.499998569488525391e-02 -1.825226657092571259e-02 -7.068734765052795410e-01 -1.825226657092571259e-02 7.068688869476318359e-01
1.136997267603874207e-01 5.633277446031570435e-02 -1.499998569488525391e-02 -1.825145073235034943e-02 -7.068733572959899902e-01 -1.825267635285854340e-02 7.068690061569213867e-01
1.136997267603874207e-01 5.633277446031570435e-02 -1.499998569488525391e-02 -1.825226657092571259e-02 -7.068733572959899902e-01 -1.825226657092571259e-02 7.068690061569213867e-01
1.136997267603874207e-01 5.633278191089630127e-02 -1.499998569488525391e-02 -1.825308427214622498e-02 -7.068734169006347656e-01 -1.825267635285854340e-02 7.068689465522766113e-01
1.136997267603874207e-01 5.633277818560600281e-02 -1.499998569488525391e-02 -1.825308427214622498e-02 -7.068733572959899902e-01 -1.825226657092571259e-02 7.068689465522766113e-01
1.136997267603874207e-01 5.633277073502540588e-02 -1.499998569488525391e-02 -1.825308427214622498e-02 -7.068732976913452148e-01 -1.825226657092571259e-02 7.068690061569213867e-01
1.136997193098068237e-01 5.633277073502540588e-02 -1.499998569488525391e-02 -1.825349219143390656e-02 -7.068732976913452148e-01 -1.825226657092571259e-02 7.068690061569213867e-01
1.136997267603874207e-01 5.633277446031570435e-02 -1.499998569488525391e-02 -1.825226657092571259e-02 -7.068732976913452148e-01 -1.825226657092571259e-02 7.068690061569213867e-01
1.136997267603874207e-01 5.633277818560600281e-02 -1.499998569488525391e-02 -1.825145073235034943e-02 -7.068733572959899902e-01 -1.825267635285854340e-02 7.068690061569213867e-01
1.136997267603874207e-01 5.633277818560600281e-02 -1.499998569488525391e-02 -1.825104281306266785e-02 -7.068733572959899902e-01 -1.825226657092571259e-02 7.068690061569213867e-01
1.136997267603874207e-01 5.633277818560600281e-02 -1.499998569488525391e-02 -1.825308427214622498e-02 -7.068734169006347656e-01 -1.825267635285854340e-02 7.068688869476318359e-01
1.136997342109680176e-01 5.633277818560600281e-02 -1.499998569488525391e-02 -1.825226657092571259e-02 -7.068734765052795410e-01 -1.825226657092571259e-02 7.068688869476318359e-01
1.136997267603874207e-01 5.633277446031570435e-02 -1.499998569488525391e-02 -1.825145073235034943e-02 -7.068733572959899902e-01 -1.825267635285854340e-02 7.068690061569213867e-01
1.136997267603874207e-01 5.633277446031570435e-02 -1.499998569488525391e-02 -1.825226657092571259e-02 -7.068733572959899902e-01 -1.825226657092571259e-02 7.068690061569213867e-01
1.136997267603874207e-01 5.633278191089630127e-02 -1.499998569488525391e-02 -1.825308427214622498e-02 -7.068734169006347656e-01 -1.825267635285854340e-02 7.068689465522766113e-01
1.136997267603874207e-01 5.633277818560600281e-02 -1.499998569488525391e-02 -1.825308427214622498e-02 -7.068733572959899902e-01 -1.825226657092571259e-02 7.068689465522766113e-01
1.136997267603874207e-01 5.633277073502540588e-02 -1.499998569488525391e-02 -1.825308427214622498e-02 -7.068732976913452148e-01 -1.825226657092571259e-02 7.068690061569213867e-01
1.136997193098068237e-01 5.633277073502540588e-02 -1.499998569488525391e-02 -1.825349219143390656e-02 -7.068732976913452148e-01 -1.825226657092571259e-02 7.068690061569213867e-01
1.136997267603874207e-01 5.633277446031570435e-02 -1.499998569488525391e-02 -1.825226657092571259e-02 -7.068732976913452148e-01 -1.825226657092571259e-02 7.068690061569213867e-01
1.136997267603874207e-01 5.633277818560600281e-02 -1.499998569488525391e-02 -1.825145073235034943e-02 -7.068733572959899902e-01 -1.825267635285854340e-02 7.068690061569213867e-01
1.136997267603874207e-01 5.633277818560600281e-02 -1.499998569488525391e-02 -1.825104281306266785e-02 -7.068733572959899902e-01 -1.825226657092571259e-02 7.068690061569213867e-01
1.136997267603874207e-01 5.633277818560600281e-02 -1.499998569488525391e-02 -1.825308427214622498e-02 -7.068734169006347656e-01 -1.825267635285854340e-02 7.068688869476318359e-01
1.136997342109680176e-01 5.633277818560600281e-02 -1.499998569488525391e-02 -1.825226657092571259e-02 -7.068734765052795410e-01 -1.825226657092571259e-02 7.068688869476318359e-01
1.136997267603874207e-01 5.633277446031570435e-02 -1.499998569488525391e-02 -1.825226657092571259e-02 -7.068733572959899902e-01 -1.825226657092571259e-02 7.068690061569213867e-01
1.136997267603874207e-01 5.633278191089630127e-02 -1.499998569488525391e-02 -1.825308427214622498e-02 -7.068734169006347656e-01 -1.825267635285854340e-02 7.068689465522766113e-01
1.136997267603874207e-01 5.633277818560600281e-02 -1.499998569488525391e-02 -1.825308427214622498e-02 -7.068733572959899902e-01 -1.825226657092571259e-02 7.068689465522766113e-01
1.136997267603874207e-01 5.633277073502540588e-02 -1.499998569488525391e-02 -1.825308427214622498e-02 -7.068732976913452148e-01 -1.825226657092571259e-02 7.068690061569213867e-01
1.136997193098068237e-01 5.633277073502540588e-02 -1.499998569488525391e-02 -1.825349219143390656e-02 -7.068732976913452148e-01 -1.825226657092571259e-02 7.068690061569213867e-01
1.136997267603874207e-01 5.633277446031570435e-02 -1.499998569488525391e-02 -1.825226657092571259e-02 -7.068732976913452148e-01 -1.825226657092571259e-02 7.068690061569213867e-01
1.136997267603874207e-01 5.633277818560600281e-02 -1.499998569488525391e-02 -1.825145073235034943e-02 -7.068733572959899902e-01 -1.825267635285854340e-02 7.068690061569213867e-01
1.136997342109680176e-01 5.633277818560600281e-02 -1.499998569488525391e-02 -1.825226657092571259e-02 -7.068734765052795410e-01 -1.825226657092571259e-02 7.068688869476318359e-01
1.136997267603874207e-01 5.633277446031570435e-02 -1.499998569488525391e-02 -1.825145073235034943e-02 -7.068733572959899902e-01 -1.825267635285854340e-02 7.068690061569213867e-01
1.136997267603874207e-01 5.633277446031570435e-02 -1.499998569488525391e-02 -1.825226657092571259e-02 -7.068733572959899902e-01 -1.825226657092571259e-02 7.068690061569213867e-01
1.136997267603874207e-01 5.633278191089630127e-02 -1.499998569488525391e-02 -1.825308427214622498e-02 -7.068734169006347656e-01 -1.825267635285854340e-02 7.068689465522766113e-01
1.136997267603874207e-01 5.633277818560600281e-02 -1.499998569488525391e-02 -1.825308427214622498e-02 -7.068733572959899902e-01 -1.825226657092571259e-02 7.068689465522766113e-01
1.136997267603874207e-01 5.633277073502540588e-02 -1.499998569488525391e-02 -1.825308427214622498e-02 -7.068732976913452148e-01 -1.825226657092571259e-02 7.068690061569213867e-01
1.136997193098068237e-01 5.633277073502540588e-02 -1.499998569488525391e-02 -1.825349219143390656e-02 -7.068732976913452148e-01 -1.825226657092571259e-02 7.068690061569213867e-01
1.136997267603874207e-01 5.633277446031570435e-02 -1.499998569488525391e-02 -1.825226657092571259e-02 -7.068732976913452148e-01 -1.825226657092571259e-02 7.068690061569213867e-01
1.136997267603874207e-01 5.633277818560600281e-02 -1.499998569488525391e-02 -1.825145073235034943e-02 -7.068733572959899902e-01 -1.825267635285854340e-02 7.068690061569213867e-01
1.136997267603874207e-01 5.633277818560600281e-02 -1.499998569488525391e-02 -1.825104281306266785e-02 -7.068733572959899902e-01 -1.825226657092571259e-02 7.068690061569213867e-01
1.136997267603874207e-01 5.633277818560600281e-02 -1.499998569488525391e-02 -1.825308427214622498e-02 -7.068734169006347656e-01 -1.825267635285854340e-02 7.068688869476318359e-01
1.136997342109680176e-01 5.633277818560600281e-02 -1.499998569488525391e-02 -1.825226657092571259e-02 -7.068734765052795410e-01 -1.825226657092571259e-02 7.068688869476318359e-01
1.136997267603874207e-01 5.633277446031570435e-02 -1.499998569488525391e-02 -1.825145073235034943e-02 -7.068733572959899902e-01 -1.825267635285854340e-02 7.068690061569213867e-01
1.136997267603874207e-01 5.633277446031570435e-02 -1.499998569488525391e-02 -1.825226657092571259e-02 -7.068733572959899902e-01 -1.825226657092571259e-02 7.068690061569213867e-01
1.136997267603874207e-01 5.633278191089630127e-02 -1.499998569488525391e-02 -1.825308427214622498e-02 -7.068734169006347656e-01 -1.825267635285854340e-02 7.068689465522766113e-01
1.136997267603874207e-01 5.633277818560600281e-02 -1.499998569488525391e-02 -1.825308427214622498e-02 -7.068733572959899902e-01 -1.825226657092571259e-02 7.068689465522766113e-01
1.136997267603874207e-01 5.633277073502540588e-02 -1.499998569488525391e-02 -1.825308427214622498e-02 -7.068732976913452148e-01 -1.825226657092571259e-02 7.068690061569213867e-01
1.136997193098068237e-01 5.633277073502540588e-02 -1.499998569488525391e-02 -1.825349219143390656e-02 -7.068732976913452148e-01 -1.825226657092571259e-02 7.068690061569213867e-01
1.136997267603874207e-01 5.633277446031570435e-02 -1.499998569488525391e-02 -1.825226657092571259e-02 -7.068732976913452148e-01 -1.825226657092571259e-02 7.068690061569213867e-01
1.136997267603874207e-01 5.633277818560600281e-02 -1.499998569488525391e-02 -1.825145073235034943e-02 -7.068733572959899902e-01 -1.825267635285854340e-02 7.068690061569213867e-01
1.136997267603874207e-01 5.633277818560600281e-02 -1.499998569488525391e-02 -1.825104281306266785e-02 -7.068733572959899902e-01 -1.825226657092571259e-02 7.068690061569213867e-01
1.136997267603874207e-01 5.633277818560600281e-02 -1.499998569488525391e-02 -1.825308427214622498e-02 -7.068734169006347656e-01 -1.825267635285854340e-02 7.068688869476318359e-01
1.136997342109680176e-01 5.633277818560600281e-02 -1.499998569488525391e-02 -1.825226657092571259e-02 -7.068734765052795410e-01 -1.825226657092571259e-02 7.068688869476318359e-01
1.136997267603874207e-01 5.633277446031570435e-02 -1.499998569488525391e-02 -1.825145073235034943e-02 -7.068733572959899902e-01 -1.825267635285854340e-02 7.068690061569213867e-01
1.136997267603874207e-01 5.633277446031570435e-02 -1.499998569488525391e-02 -1.825226657092571259e-02 -7.068733572959899902e-01 -1.825226657092571259e-02 7.068690061569213867e-01
1.136997267603874207e-01 5.633278191089630127e-02 -1.499998569488525391e-02 -1.825308427214622498e-02 -7.068734169006347656e-01 -1.825267635285854340e-02 7.068689465522766113e-01
1.136997267603874207e-01 5.633277818560600281e-02 -1.499998569488525391e-02 -1.825308427214622498e-02 -7.068733572959899902e-01 -1.825226657092571259e-02 7.068689465522766113e-01
1.136997267603874207e-01 5.633277073502540588e-02 -1.499998569488525391e-02 -1.825308427214622498e-02 -7.068732976913452148e-01 -1.825226657092571259e-02 7.068690061569213867e-01
1.136997193098068237e-01 5.633277073502540588e-02 -1.499998569488525391e-02 -1.825349219143390656e-02 -7.068732976913452148e-01 -1.825226657092571259e-02 7.068690061569213867e-01
1.136997267603874207e-01 5.633277446031570435e-02 -1.499998569488525391e-02 -1.825226657092571259e-02 -7.068732976913452148e-01 -1.825226657092571259e-02 7.068690061569213867e-01
1.136997267603874207e-01 5.633277818560600281e-02 -1.499998569488525391e-02 -1.825145073235034943e-02 -7.068733572959899902e-01 -1.825267635285854340e-02 7.068690061569213867e-01
1.136997267603874207e-01 5.633277818560600281e-02 -1.499998569488525391e-02 -1.825104281306266785e-02 -7.068733572959899902e-01 -1.825226657092571259e-02 7.068690061569213867e-01
1.136997267603874207e-01 5.633277818560600281e-02 -1.499998569488525391e-02 -1.825308427214622498e-02 -7.068734169006347656e-01 -1.825267635285854340e-02 7.068688869476318359e-01
1.136997342109680176e-01 5.633277818560600281e-02 -1.499998569488525391e-02 -1.825226657092571259e-02 -7.068734765052795410e-01 -1.825226657092571259e-02 7.068688869476318359e-01
1.136997267603874207e-01 5.633277446031570435e-02 -1.499998569488525391e-02 -1.825145073235034943e-02 -7.068733572959899902e-01 -1.825267635285854340e-02 7.068690061569213867e-01
1.136997267603874207e-01 5.633277446031570435e-02 -1.499998569488525391e-02 -1.825226657092571259e-02 -7.068733572959899902e-01 -1.825226657092571259e-02 7.068690061569213867e-01
1.136997267603874207e-01 5.633278191089630127e-02 -1.499998569488525391e-02 -1.825308427214622498e-02 -7.068734169006347656e-01 -1.825267635285854340e-02 7.068689465522766113e-01
1.136997267603874207e-01 5.633277818560600281e-02 -1.499998569488525391e-02 -1.825308427214622498e-02 -7.068733572959899902e-01 -1.825226657092571259e-02 7.068689465522766113e-01
1.136997267603874207e-01 5.633277073502540588e-02 -1.499998569488525391e-02 -1.825308427214622498e-02 -7.068732976913452148e-01 -1.825226657092571259e-02 7.068690061569213867e-01
1.136997193098068237e-01 5.633277073502540588e-02 -1.499998569488525391e-02 -1.825349219143390656e-02 -7.068732976913452148e-01 -1.825226657092571259e-02 7.068690061569213867e-01
1.136997267603874207e-01 5.633277446031570435e-02 -1.499998569488525391e-02 -1.825226657092571259e-02 -7.068732976913452148e-01 -1.825226657092571259e-02 7.068690061569213867e-01
1.136997267603874207e-01 5.633277818560600281e-02 -1.499998569488525391e-02 -1.825145073235034943e-02 -7.068733572959899902e-01 -1.825267635285854340e-02 7.068690061569213867e-01
1.136997267603874207e-01 5.633277818560600281e-02 -1.499998569488525391e-02 -1.825104281306266785e-02 -7.068733572959899902e-01 -1.825226657092571259e-02 7.068690061569213867e-01
1.136997267603874207e-01 5.633277818560600281e-02 -1.499998569488525391e-02 -1.825308427214622498e-02 -7.068734169006347656e-01 -1.825267635285854340e-02 7.068688869476318359e-01
1.136997342109680176e-01 5.633277818560600281e-02 -1.499998569488525391e-02 -1.825226657092571259e-02 -7.068734765052795410e-01 -1.825226657092571259e-02 7.068688869476318359e-01
1.136997267603874207e-01 5.633277446031570435e-02 -1.499998569488525391e-02 -1.825145073235034943e-02 -7.068733572959899902e-01 -1.825267635285854340e-02 7.068690061569213867e-01
1.136997267603874207e-01 5.633277446031570435e-02 -1.499998569488525391e-02 -1.825226657092571259e-02 -7.068733572959899902e-01 -1.825226657092571259e-02 7.068690061569213867e-01
1.136997267603874207e-01 5.633278191089630127e-02 -1.499998569488525391e-02 -1.825308427214622498e-02 -7.068734169006347656e-01 -1.825267635285854340e-02 7.068689465522766113e-01
1.136997267603874207e-01 5.633277818560600281e-02 -1.499998569488525391e-02 -1.825308427214622498e-02 -7.068733572959899902e-01 -1.825226657092571259e-02 7.068689465522766113e-01
1.136997267603874207e-01 5.633277073502540588e-02 -1.499998569488525391e-02 -1.825308427214622498e-02 -7.068732976913452148e-01 -1.825226657092571259e-02 7.068690061569213867e-01
1.136997193098068237e-01 5.633277073502540588e-02 -1.499998569488525391e-02 -1.825349219143390656e-02 -7.068732976913452148e-01 -1.825226657092571259e-02 7.068690061569213867e-01
1.136997267603874207e-01 5.633277446031570435e-02 -1.499998569488525391e-02 -1.825226657092571259e-02 -7.068732976913452148e-01 -1.825226657092571259e-02 7.068690061569213867e-01
1.136997267603874207e-01 5.633277818560600281e-02 -1.499998569488525391e-02 -1.825145073235034943e-02 -7.068733572959899902e-01 -1.825267635285854340e-02 7.068690061569213867e-01
1.136997267603874207e-01 5.633277818560600281e-02 -1.499998569488525391e-02 -1.825104281306266785e-02 -7.068733572959899902e-01 -1.825226657092571259e-02 7.068690061569213867e-01
1.136997267603874207e-01 5.633277818560600281e-02 -1.499998569488525391e-02 -1.825308427214622498e-02 -7.068734169006347656e-01 -1.825267635285854340e-02 7.068688869476318359e-01
1.136997342109680176e-01 5.633277818560600281e-02 -1.499998569488525391e-02 -1.825226657092571259e-02 -7.068734765052795410e-01 -1.825226657092571259e-02 7.068688869476318359e-01
1.136997267603874207e-01 5.633277446031570435e-02 -1.499998569488525391e-02 -1.825145073235034943e-02 -7.068733572959899902e-01 -1.825267635285854340e-02 7.068690061569213867e-01
1.136997267603874207e-01 5.633277446031570435e-02 -1.499998569488525391e-02 -1.825226657092571259e-02 -7.068733572959899902e-01 -1.825226657092571259e-02 7.068690061569213867e-01
1.136997267603874207e-01 5.633278191089630127e-02 -1.499998569488525391e-02 -1.825308427214622498e-02 -7.068734169006347656e-01 -1.825267635285854340e-02 7.068689465522766113e-01
1.136997267603874207e-01 5.633277818560600281e-02 -1.499998569488525391e-02 -1.825308427214622498e-02 -7.068733572959899902e-01 -1.825226657092571259e-02 7.068689465522766113e-01
1.136997267603874207e-01 5.633277073502540588e-02 -1.499998569488525391e-02 -1.825308427214622498e-02 -7.068732976913452148e-01 -1.825226657092571259e-02 7.068690061569213867e-01
1.136997193098068237e-01 5.633277073502540588e-02 -1.499998569488525391e-02 -1.825349219143390656e-02 -7.068732976913452148e-01 -1.825226657092571259e-02 7.068690061569213867e-01
1.136997267603874207e-01 5.633277446031570435e-02 -1.499998569488525391e-02 -1.825226657092571259e-02 -7.068732976913452148e-01 -1.825226657092571259e-02 7.068690061569213867e-01
1.136997267603874207e-01 5.633277818560600281e-02 -1.499998569488525391e-02 -1.825145073235034943e-02 -7.068733572959899902e-01 -1.825267635285854340e-02 7.068690061569213867e-01
1.136997267603874207e-01 5.633277818560600281e-02 -1.499998569488525391e-02 -1.825104281306266785e-02 -7.068733572959899902e-01 -1.825226657092571259e-02 7.068690061569213867e-01
1.136997267603874207e-01 5.633277818560600281e-02 -1.499998569488525391e-02 -1.825308427214622498e-02 -7.068734169006347656e-01 -1.825267635285854340e-02 7.068688869476318359e-01
1.136997342109680176e-01 5.633277818560600281e-02 -1.499998569488525391e-02 -1.825226657092571259e-02 -7.068734765052795410e-01 -1.825226657092571259e-02 7.068688869476318359e-01
1.136997267603874207e-01 5.633277446031570435e-02 -1.499998569488525391e-02 -1.825145073235034943e-02 -7.068733572959899902e-01 -1.825267635285854340e-02 7.068690061569213867e-01
1.136997267603874207e-01 5.633277446031570435e-02 -1.499998569488525391e-02 -1.825226657092571259e-02 -7.068733572959899902e-01 -1.825226657092571259e-02 7.068690061569213867e-01
1.136997267603874207e-01 5.633278191089630127e-02 -1.499998569488525391e-02 -1.825308427214622498e-02 -7.068734169006347656e-01 -1.825267635285854340e-02 7.068689465522766113e-01
1.136997267603874207e-01 5.633277818560600281e-02 -1.499998569488525391e-02 -1.825308427214622498e-02 -7.068733572959899902e-01 -1.825226657092571259e-02 7.068689465522766113e-01
1.136997267603874207e-01 5.633277073502540588e-02 -1.499998569488525391e-02 -1.825308427214622498e-02 -7.068732976913452148e-01 -1.825226657092571259e-02 7.068690061569213867e-01
1.136997193098068237e-01 5.633277073502540588e-02 -1.499998569488525391e-02 -1.825349219143390656e-02 -7.068732976913452148e-01 -1.825226657092571259e-02 7.068690061569213867e-01
1.136997267603874207e-01 5.633277446031570435e-02 -1.499998569488525391e-02 -1.825226657092571259e-02 -7.068732976913452148e-01 -1.825226657092571259e-02 7.068690061569213867e-01
1.136997267603874207e-01 5.633277818560600281e-02 -1.499998569488525391e-02 -1.825145073235034943e-02 -7.068733572959899902e-01 -1.825267635285854340e-02 7.068690061569213867e-01
1.136997267603874207e-01 5.633277818560600281e-02 -1.499998569488525391e-02 -1.825104281306266785e-02 -7.068733572959899902e-01 -1.825226657092571259e-02 7.068690061569213867e-01
1.136997267603874207e-01 5.633277818560600281e-02 -1.499998569488525391e-02 -1.825308427214622498e-02 -7.068734169006347656e-01 -1.825267635285854340e-02 7.068688869476318359e-01
1.193726062774658203e-01 6.688661128282546997e-02 -1.499998569488525391e-02 4.854900762438774109e-02 -7.054401040077209473e-01 4.854885488748550415e-02 7.054362297058105469e-01
1.193726062774658203e-01 6.688661128282546997e-02 -1.499998569488525391e-02 4.854900762438774109e-02 -7.054401040077209473e-01 4.854885488748550415e-02 7.054362297058105469e-01
1.193726062774658203e-01 6.688661128282546997e-02 -1.499998569488525391e-02 4.854900762438774109e-02 -7.054401040077209473e-01 4.854885488748550415e-02 7.054362297058105469e-01
1.193726062774658203e-01 6.688661128282546997e-02 -1.499998569488525391e-02 4.854900762438774109e-02 -7.054401040077209473e-01 4.854885488748550415e-02 7.054362297058105469e-01
1.193726062774658203e-01 6.688661128282546997e-02 -1.499998569488525391e-02 4.854900762438774109e-02 -7.054401040077209473e-01 4.854885488748550415e-02 7.054362297058105469e-01
1.193726062774658203e-01 6.688661128282546997e-02 -1.499998569488525391e-02 4.854900762438774109e-02 -7.054401040077209473e-01 4.854885488748550415e-02 7.054362297058105469e-01
1.193726062774658203e-01 6.688661128282546997e-02 -1.499998569488525391e-02 4.854900762438774109e-02 -7.054401040077209473e-01 4.854885488748550415e-02 7.054362297058105469e-01
1.193726062774658203e-01 6.688661128282546997e-02 -1.499998569488525391e-02 4.854900762438774109e-02 -7.054401040077209473e-01 4.854885488748550415e-02 7.054362297058105469e-01
1.193726062774658203e-01 6.688661128282546997e-02 -1.499998569488525391e-02 4.854900762438774109e-02 -7.054401040077209473e-01 4.854885488748550415e-02 7.054362297058105469e-01
1.193726062774658203e-01 6.688661128282546997e-02 -1.499998569488525391e-02 4.854900762438774109e-02 -7.054401040077209473e-01 4.854885488748550415e-02 7.054362297058105469e-01
1.193726062774658203e-01 6.688661128282546997e-02 -1.499998569488525391e-02 4.854900762438774109e-02 -7.054401040077209473e-01 4.854885488748550415e-02 7.054362297058105469e-01
1.193726062774658203e-01 6.688661128282546997e-02 -1.499998569488525391e-02 4.854900762438774109e-02 -7.054401040077209473e-01 4.854885488748550415e-02 7.054362297058105469e-01
1.193726062774658203e-01 6.688661128282546997e-02 -1.499998569488525391e-02 4.854900762438774109e-02 -7.054401040077209473e-01 4.854885488748550415e-02 7.054362297058105469e-01
1.193726062774658203e-01 6.688661128282546997e-02 -1.499998569488525391e-02 4.854900762438774109e-02 -7.054401040077209473e-01 4.854885488748550415e-02 7.054362297058105469e-01
1.193726062774658203e-01 6.688661128282546997e-02 -1.499998569488525391e-02 4.854900762438774109e-02 -7.054401040077209473e-01 4.854885488748550415e-02 7.054362297058105469e-01
1.193726062774658203e-01 6.688661128282546997e-02 -1.499998569488525391e-02 4.854900762438774109e-02 -7.054401040077209473e-01 4.854885488748550415e-02 7.054362297058105469e-01
1.193726062774658203e-01 6.688661128282546997e-02 -1.499998569488525391e-02 4.854900762438774109e-02 -7.054401040077209473e-01 4.854885488748550415e-02 7.054362297058105469e-01
1.193726062774658203e-01 6.688661128282546997e-02 -1.499998569488525391e-02 4.854900762438774109e-02 -7.054401040077209473e-01 4.854885488748550415e-02 7.054362297058105469e-01
1.193726062774658203e-01 6.688661128282546997e-02 -1.499998569488525391e-02 4.854900762438774109e-02 -7.054401040077209473e-01 4.854885488748550415e-02 7.054362297058105469e-01
1.193726062774658203e-01 6.688661128282546997e-02 -1.499998569488525391e-02 4.854900762438774109e-02 -7.054401040077209473e-01 4.854885488748550415e-02 7.054362297058105469e-01
1.193726062774658203e-01 6.688661128282546997e-02 -1.499998569488525391e-02 4.854900762438774109e-02 -7.054401040077209473e-01 4.854885488748550415e-02 7.054362297058105469e-01
1.193726062774658203e-01 6.688661128282546997e-02 -1.499998569488525391e-02 4.854900762438774109e-02 -7.054401040077209473e-01 4.854885488748550415e-02 7.054362297058105469e-01
1.193726062774658203e-01 6.688661128282546997e-02 -1.499998569488525391e-02 4.854900762438774109e-02 -7.054401040077209473e-01 4.854885488748550415e-02 7.054362297058105469e-01
1.193726062774658203e-01 6.688661128282546997e-02 -1.499998569488525391e-02 4.854900762438774109e-02 -7.054401040077209473e-01 4.854885488748550415e-02 7.054362297058105469e-01
1.193726062774658203e-01 6.688661128282546997e-02 -1.499998569488525391e-02 4.854900762438774109e-02 -7.054401040077209473e-01 4.854885488748550415e-02 7.054362297058105469e-01
1.193726062774658203e-01 6.688661128282546997e-02 -1.499998569488525391e-02 4.854900762438774109e-02 -7.054401040077209473e-01 4.854885488748550415e-02 7.054362297058105469e-01
1.193726062774658203e-01 6.688661128282546997e-02 -1.499998569488525391e-02 4.854900762438774109e-02 -7.054401040077209473e-01 4.854885488748550415e-02 7.054362297058105469e-01
1.193726062774658203e-01 6.688661128282546997e-02 -1.499998569488525391e-02 4.854900762438774109e-02 -7.054401040077209473e-01 4.854885488748550415e-02 7.054362297058105469e-01
1.193726062774658203e-01 6.688661128282546997e-02 -1.499998569488525391e-02 4.854900762438774109e-02 -7.054401040077209473e-01 4.854885488748550415e-02 7.054362297058105469e-01
1.193726062774658203e-01 6.688661128282546997e-02 -1.499998569488525391e-02 4.854900762438774109e-02 -7.054401040077209473e-01 4.854885488748550415e-02 7.054362297058105469e-01
1.193726062774658203e-01 6.688661128282546997e-02 -1.499998569488525391e-02 4.854900762438774109e-02 -7.054401040077209473e-01 4.854885488748550415e-02 7.054362297058105469e-01
1.193726062774658203e-01 6.688661128282546997e-02 -1.499998569488525391e-02 4.854900762438774109e-02 -7.054401040077209473e-01 4.854885488748550415e-02 7.054362297058105469e-01
1.193726062774658203e-01 6.688661128282546997e-02 -1.499998569488525391e-02 4.854900762438774109e-02 -7.054401040077209473e-01 4.854885488748550415e-02 7.054362297058105469e-01
1.193726062774658203e-01 6.688661128282546997e-02 -1.499998569488525391e-02 4.854900762438774109e-02 -7.054401040077209473e-01 4.854885488748550415e-02 7.054362297058105469e-01
1.193726062774658203e-01 6.688661128282546997e-02 -1.499998569488525391e-02 4.854900762438774109e-02 -7.054401040077209473e-01 4.854885488748550415e-02 7.054362297058105469e-01
1.193726062774658203e-01 6.688661128282546997e-02 -1.499998569488525391e-02 4.854900762438774109e-02 -7.054401040077209473e-01 4.854885488748550415e-02 7.054362297058105469e-01
1.193726062774658203e-01 6.688661128282546997e-02 -1.499998569488525391e-02 4.854900762438774109e-02 -7.054401040077209473e-01 4.854885488748550415e-02 7.054362297058105469e-01
1.193726062774658203e-01 6.688661128282546997e-02 -1.499998569488525391e-02 4.854900762438774109e-02 -7.054401040077209473e-01 4.854885488748550415e-02 7.054362297058105469e-01
1.193726062774658203e-01 6.688661128282546997e-02 -1.499998569488525391e-02 4.854900762438774109e-02 -7.054401040077209473e-01 4.854885488748550415e-02 7.054362297058105469e-01
1.193726062774658203e-01 6.688661128282546997e-02 -1.499998569488525391e-02 4.854900762438774109e-02 -7.054401040077209473e-01 4.854885488748550415e-02 7.054362297058105469e-01
1.193726062774658203e-01 6.688661128282546997e-02 -1.499998569488525391e-02 4.854900762438774109e-02 -7.054401040077209473e-01 4.854885488748550415e-02 7.054362297058105469e-01
1.193726062774658203e-01 6.688661128282546997e-02 -1.499998569488525391e-02 4.854900762438774109e-02 -7.054401040077209473e-01 4.854885488748550415e-02 7.054362297058105469e-01
1.193726062774658203e-01 6.688661128282546997e-02 -1.499998569488525391e-02 4.854900762438774109e-02 -7.054401040077209473e-01 4.854885488748550415e-02 7.054362297058105469e-01
1.193726062774658203e-01 6.688661128282546997e-02 -1.499998569488525391e-02 4.854900762438774109e-02 -7.054401040077209473e-01 4.854885488748550415e-02 7.054362297058105469e-01
1.193726062774658203e-01 6.688661128282546997e-02 -1.499998569488525391e-02 4.854900762438774109e-02 -7.054401040077209473e-01 4.854885488748550415e-02 7.054362297058105469e-01
1.193726062774658203e-01 6.688661128282546997e-02 -1.499998569488525391e-02 4.854900762438774109e-02 -7.054401040077209473e-01 4.854885488748550415e-02 7.054362297058105469e-01
1.193726062774658203e-01 6.688661128282546997e-02 -1.499998569488525391e-02 4.854900762438774109e-02 -7.054401040077209473e-01 4.854885488748550415e-02 7.054362297058105469e-01
1.193726062774658203e-01 6.688661128282546997e-02 -1.499998569488525391e-02 4.854900762438774109e-02 -7.054401040077209473e-01 4.854885488748550415e-02 7.054362297058105469e-01
1.193726062774658203e-01 6.688661128282546997e-02 -1.499998569488525391e-02 4.854900762438774109e-02 -7.054401040077209473e-01 4.854885488748550415e-02 7.054362297058105469e-01
1.193726062774658203e-01 6.688661128282546997e-02 -1.499998569488525391e-02 4.854900762438774109e-02 -7.054401040077209473e-01 4.854885488748550415e-02 7.054362297058105469e-01
1.193726062774658203e-01 6.688661128282546997e-02 -1.499998569488525391e-02 4.854900762438774109e-02 -7.054401040077209473e-01 4.854885488748550415e-02 7.054362297058105469e-01
1.193726062774658203e-01 6.688661128282546997e-02 -1.499998569488525391e-02 4.854900762438774109e-02 -7.054401040077209473e-01 4.854885488748550415e-02 7.054362297058105469e-01
1.193726062774658203e-01 6.688661128282546997e-02 -1.499998569488525391e-02 4.854900762438774109e-02 -7.054401040077209473e-01 4.854885488748550415e-02 7.054362297058105469e-01
1.193726062774658203e-01 6.688661128282546997e-02 -1.499998569488525391e-02 4.854900762438774109e-02 -7.054401040077209473e-01 4.854885488748550415e-02 7.054362297058105469e-01
1.193726062774658203e-01 6.688661128282546997e-02 -1.499998569488525391e-02 4.854900762438774109e-02 -7.054401040077209473e-01 4.854885488748550415e-02 7.054362297058105469e-01
1.193726062774658203e-01 6.688661128282546997e-02 -1.499998569488525391e-02 4.854900762438774109e-02 -7.054401040077209473e-01 4.854885488748550415e-02 7.054362297058105469e-01
1.193726062774658203e-01 6.688661128282546997e-02 -1.499998569488525391e-02 4.854900762438774109e-02 -7.054401040077209473e-01 4.854885488748550415e-02 7.054362297058105469e-01
1.193726062774658203e-01 6.688661128282546997e-02 -1.499998569488525391e-02 4.854900762438774109e-02 -7.054401040077209473e-01 4.854885488748550415e-02 7.054362297058105469e-01
1.193726062774658203e-01 6.688661128282546997e-02 -1.499998569488525391e-02 4.854900762438774109e-02 -7.054401040077209473e-01 4.854885488748550415e-02 7.054362297058105469e-01
1.193726062774658203e-01 6.688661128282546997e-02 -1.499998569488525391e-02 4.854900762438774109e-02 -7.054401040077209473e-01 4.854885488748550415e-02 7.054362297058105469e-01
1.193726062774658203e-01 6.688661128282546997e-02 -1.499998569488525391e-02 4.854900762438774109e-02 -7.054401040077209473e-01 4.854885488748550415e-02 7.054362297058105469e-01
1.193726062774658203e-01 6.688661128282546997e-02 -1.499998569488525391e-02 4.854900762438774109e-02 -7.054401040077209473e-01 4.854885488748550415e-02 7.054362297058105469e-01
1.193726062774658203e-01 6.688661128282546997e-02 -1.499998569488525391e-02 4.854900762438774109e-02 -7.054401040077209473e-01 4.854885488748550415e-02 7.054362297058105469e-01
1.193726062774658203e-01 6.688661128282546997e-02 -1.499998569488525391e-02 4.854900762438774109e-02 -7.054401040077209473e-01 4.854885488748550415e-02 7.054362297058105469e-01
1.193726062774658203e-01 6.688661128282546997e-02 -1.499998569488525391e-02 4.854900762438774109e-02 -7.054401040077209473e-01 4.854885488748550415e-02 7.054362297058105469e-01
1.193726062774658203e-01 6.688661128282546997e-02 -1.499998569488525391e-02 4.854900762438774109e-02 -7.054401040077209473e-01 4.854885488748550415e-02 7.054362297058105469e-01
1.193726062774658203e-01 6.688661128282546997e-02 -1.499998569488525391e-02 4.854900762438774109e-02 -7.054401040077209473e-01 4.854885488748550415e-02 7.054362297058105469e-01
1.193726062774658203e-01 6.688661128282546997e-02 -1.499998569488525391e-02 4.854900762438774109e-02 -7.054401040077209473e-01 4.854885488748550415e-02 7.054362297058105469e-01
1.193726062774658203e-01 6.688661128282546997e-02 -1.499998569488525391e-02 4.854900762438774109e-02 -7.054401040077209473e-01 4.854885488748550415e-02 7.054362297058105469e-01
1.193726062774658203e-01 6.688661128282546997e-02 -1.499998569488525391e-02 4.854900762438774109e-02 -7.054401040077209473e-01 4.854885488748550415e-02 7.054362297058105469e-01
1.193726062774658203e-01 6.688661128282546997e-02 -1.499998569488525391e-02 4.854900762438774109e-02 -7.054401040077209473e-01 4.854885488748550415e-02 7.054362297058105469e-01
1.193726062774658203e-01 6.688661128282546997e-02 -1.499998569488525391e-02 4.854900762438774109e-02 -7.054401040077209473e-01 4.854885488748550415e-02 7.054362297058105469e-01
1.193726062774658203e-01 6.688661128282546997e-02 -1.499998569488525391e-02 4.854900762438774109e-02 -7.054401040077209473e-01 4.854885488748550415e-02 7.054362297058105469e-01
1.193726062774658203e-01 6.688661128282546997e-02 -1.499998569488525391e-02 4.854900762438774109e-02 -7.054401040077209473e-01 4.854885488748550415e-02 7.054362297058105469e-01
1.193726062774658203e-01 6.688661128282546997e-02 -1.499998569488525391e-02 4.854900762438774109e-02 -7.054401040077209473e-01 4.854885488748550415e-02 7.054362297058105469e-01
1.193726062774658203e-01 6.688661128282546997e-02 -1.499998569488525391e-02 4.854900762438774109e-02 -7.054401040077209473e-01 4.854885488748550415e-02 7.054362297058105469e-01
1.193726062774658203e-01 6.688661128282546997e-02 -1.499998569488525391e-02 4.854900762438774109e-02 -7.054401040077209473e-01 4.854885488748550415e-02 7.054362297058105469e-01
1.193726062774658203e-01 6.688661128282546997e-02 -1.499998569488525391e-02 4.854900762438774109e-02 -7.054401040077209473e-01 4.854885488748550415e-02 7.054362297058105469e-01
1.193726062774658203e-01 6.688661128282546997e-02 -1.499998569488525391e-02 4.854900762438774109e-02 -7.054401040077209473e-01 4.854885488748550415e-02 7.054362297058105469e-01
1.193726062774658203e-01 6.688661128282546997e-02 -1.499998569488525391e-02 4.854900762438774109e-02 -7.054401040077209473e-01 4.854885488748550415e-02 7.054362297058105469e-01
1.193726062774658203e-01 6.688661128282546997e-02 -1.499998569488525391e-02 4.854900762438774109e-02 -7.054401040077209473e-01 4.854885488748550415e-02 7.054362297058105469e-01
1.193726062774658203e-01 6.688661128282546997e-02 -1.499998569488525391e-02 4.854900762438774109e-02 -7.054401040077209473e-01 4.854885488748550415e-02 7.054362297058105469e-01
1.193726062774658203e-01 6.688661128282546997e-02 -1.499998569488525391e-02 4.854900762438774109e-02 -7.054401040077209473e-01 4.854885488748550415e-02 7.054362297058105469e-01
1.193726062774658203e-01 6.688661128282546997e-02 -1.499998569488525391e-02 4.854900762438774109e-02 -7.054401040077209473e-01 4.854885488748550415e-02 7.054362297058105469e-01
1.193726062774658203e-01 6.688661128282546997e-02 -1.499998569488525391e-02 4.854900762438774109e-02 -7.054401040077209473e-01 4.854885488748550415e-02 7.054362297058105469e-01
1.193726062774658203e-01 6.688661128282546997e-02 -1.499998569488525391e-02 4.854900762438774109e-02 -7.054401040077209473e-01 4.854885488748550415e-02 7.054362297058105469e-01
1.193726062774658203e-01 6.688661128282546997e-02 -1.499998569488525391e-02 4.854900762438774109e-02 -7.054401040077209473e-01 4.854885488748550415e-02 7.054362297058105469e-01
1.193726062774658203e-01 6.688661128282546997e-02 -1.499998569488525391e-02 4.854900762438774109e-02 -7.054401040077209473e-01 4.854885488748550415e-02 7.054362297058105469e-01
1.193726062774658203e-01 6.688661128282546997e-02 -1.499998569488525391e-02 4.854900762438774109e-02 -7.054401040077209473e-01 4.854885488748550415e-02 7.054362297058105469e-01
1.193726062774658203e-01 6.688661128282546997e-02 -1.499998569488525391e-02 4.854900762438774109e-02 -7.054401040077209473e-01 4.854885488748550415e-02 7.054362297058105469e-01
1.193726062774658203e-01 6.688661128282546997e-02 -1.499998569488525391e-02 4.854900762438774109e-02 -7.054401040077209473e-01 4.854885488748550415e-02 7.054362297058105469e-01
1.193726062774658203e-01 6.688661128282546997e-02 -1.499998569488525391e-02 4.854900762438774109e-02 -7.054401040077209473e-01 4.854885488748550415e-02 7.054362297058105469e-01
1.193726062774658203e-01 6.688661128282546997e-02 -1.499998569488525391e-02 4.854900762438774109e-02 -7.054401040077209473e-01 4.854885488748550415e-02 7.054362297058105469e-01
1.193726062774658203e-01 6.688661128282546997e-02 -1.499998569488525391e-02 4.854900762438774109e-02 -7.054401040077209473e-01 4.854885488748550415e-02 7.054362297058105469e-01
1.193726062774658203e-01 6.688661128282546997e-02 -1.499998569488525391e-02 4.854900762438774109e-02 -7.054401040077209473e-01 4.854885488748550415e-02 7.054362297058105469e-01
1.193726062774658203e-01 6.688661128282546997e-02 -1.499998569488525391e-02 4.854900762438774109e-02 -7.054401040077209473e-01 4.854885488748550415e-02 7.054362297058105469e-01
1.193726062774658203e-01 6.688661128282546997e-02 -1.499998569488525391e-02 4.854900762438774109e-02 -7.054401040077209473e-01 4.854885488748550415e-02 7.054362297058105469e-01
1.193726062774658203e-01 6.688661128282546997e-02 -1.499998569488525391e-02 4.854900762438774109e-02 -7.054401040077209473e-01 4.854885488748550415e-02 7.054362297058105469e-01
1.193726062774658203e-01 6.688661128282546997e-02 -1.499998569488525391e-02 4.854900762438774109e-02 -7.054401040077209473e-01 4.854885488748550415e-02 7.054362297058105469e-01
1.192479208111763000e-01 6.615770608186721802e-02 -1.500001549720764160e-02 4.705727472901344299e-02 -7.055404782295227051e-01 4.705759137868881226e-02 7.055379748344421387e-01
1.189992502331733704e-01 6.472495198249816895e-02 -1.500001549720764160e-02 4.440910741686820984e-02 -7.057110667228698730e-01 4.440893977880477905e-02 7.057107090950012207e-01
1.186446994543075562e-01 6.348936259746551514e-02 -1.499989628791809082e-02 4.002045094966888428e-02 -7.059756517410278320e-01 4.002026468515396118e-02 7.059710621833801270e-01
1.186447143554687500e-01 6.348934769630432129e-02 -1.499995589256286621e-02 4.002007842063903809e-02 -7.059750556945800781e-01 4.002045094966888428e-02 7.059716582298278809e-01
1.186447218060493469e-01 6.348934769630432129e-02 -1.499998569488525391e-02 4.001989215612411499e-02 -7.059752941131591797e-01 4.002045094966888428e-02 7.059714794158935547e-01
1.185641735792160034e-01 6.257032603025436401e-02 -1.497727632522583008e-02 3.367503732442855835e-02 -7.171166539192199707e-01 4.277567565441131592e-02 6.948236823081970215e-01
1.186286285519599915e-01 6.227602809667587280e-02 -1.499998569488525391e-02 3.599812090396881104e-02 -7.061893939971923828e-01 3.599915280938148499e-02 7.061903476715087891e-01
1.186287775635719299e-01 6.227604299783706665e-02 -1.499998569488525391e-02 3.599936142563819885e-02 -7.061921358108520508e-01 3.599832579493522644e-02 7.061875462532043457e-01
1.186287775635719299e-01 6.227604299783706665e-02 -1.499998569488525391e-02 3.599915280938148499e-02 -7.061919569969177246e-01 3.599832579493522644e-02 7.061877250671386719e-01
1.186287775635719299e-01 6.227604299783706665e-02 -1.499998569488525391e-02 3.599873930215835571e-02 -7.061920762062072754e-01 3.599853441119194031e-02 7.061876058578491211e-01
1.186287850141525269e-01 6.227604299783706665e-02 -1.499998569488525391e-02 3.599894791841506958e-02 -7.061920166015625000e-01 3.599853441119194031e-02 7.061876058578491211e-01
1.186287775635719299e-01 6.227604299783706665e-02 -1.499998569488525391e-02 3.599894791841506958e-02 -7.061920166015625000e-01 3.599873930215835571e-02 7.061876654624938965e-01
1.186287775635719299e-01 6.227604299783706665e-02 -1.499998569488525391e-02 3.599936142563819885e-02 -7.061920166015625000e-01 3.599853441119194031e-02 7.061876058578491211e-01
1.186287701129913330e-01 6.227603554725646973e-02 -1.499998569488525391e-02 3.599936142563819885e-02 -7.061918973922729492e-01 3.599873930215835571e-02 7.061877846717834473e-01
1.186287701129913330e-01 6.227604299783706665e-02 -1.499998569488525391e-02 3.599853441119194031e-02 -7.061920762062072754e-01 3.599853441119194031e-02 7.061876058578491211e-01
1.186287701129913330e-01 6.227604299783706665e-02 -1.499998569488525391e-02 3.599873930215835571e-02 -7.061920166015625000e-01 3.599873930215835571e-02 7.061877250671386719e-01
1.184071972966194153e-01 6.213879585266113281e-02 -1.500007510185241699e-02 3.862961381673812866e-02 -7.060500383377075195e-01 3.862903267145156860e-02 7.060515880584716797e-01
1.177585199475288391e-01 6.171558797359466553e-02 -1.500001549720764160e-02 4.551586136221885681e-02 -7.056410312652587891e-01 4.551504179835319519e-02 7.056396603584289551e-01
1.177583113312721252e-01 6.171563267707824707e-02 -1.499995589256286621e-02 4.551667720079421997e-02 -7.056379318237304688e-01 4.551471397280693054e-02 7.056428194046020508e-01
1.177581772208213806e-01 6.171553581953048706e-02 -1.499995589256286621e-02 4.551553353667259216e-02 -7.056362032890319824e-01 4.551553353667259216e-02 7.056444883346557617e-01
1.177581846714019775e-01 6.171553581953048706e-02 -1.499998569488525391e-02 4.551504179835319519e-02 -7.056362032890319824e-01 4.551553353667259216e-02 7.056445479393005371e-01
1.177581921219825745e-01 6.171554327011108398e-02 -1.499998569488525391e-02 4.551504179835319519e-02 -7.056363821029663086e-01 4.551553353667259216e-02 7.056443691253662109e-01
1.177583187818527222e-01 6.171564012765884399e-02 -1.499995589256286621e-02 4.551618918776512146e-02 -7.056379318237304688e-01 4.551487788558006287e-02 7.056427597999572754e-01
1.177583113312721252e-01 6.171563267707824707e-02 -1.499995589256286621e-02 4.551618918776512146e-02 -7.056381106376647949e-01 4.551487788558006287e-02 7.056425809860229492e-01
