5.368110141716897488e-04 2.394039779901504517e-01 -1.568502187728881836e-02 -1.461288426071405411e-02 -7.069553136825561523e-01 7.069562077522277832e-01 1.461473572999238968e-02
5.368090351112186909e-04 2.394039928913116455e-01 -1.568499207496643066e-02 -1.461315061897039413e-02 -7.069554328918457031e-01 7.069560885429382324e-01 1.461446937173604965e-02
5.368159036152064800e-04 2.394039779901504517e-01 -1.568502187728881836e-02 -1.461415924131870270e-02 -7.069554328918457031e-01 7.069560289382934570e-01 1.461448054760694504e-02
5.368168349377810955e-04 2.394039779901504517e-01 -1.568499207496643066e-02 -1.461338903754949570e-02 -7.069552540779113770e-01 7.069562673568725586e-01 1.461423095315694809e-02
5.368139827623963356e-04 2.394039928913116455e-01 -1.568502187728881836e-02 -1.461287401616573334e-02 -7.069552540779113770e-01 7.069562673568725586e-01 1.461474597454071045e-02
5.368092097342014313e-04 2.394039779901504517e-01 -1.568502187728881836e-02 -1.461364421993494034e-02 -7.069553136825561523e-01 7.069562077522277832e-01 1.461397577077150345e-02
5.368133424781262875e-04 2.394039928913116455e-01 -1.568499207496643066e-02 -1.461316086351871490e-02 -7.069554924964904785e-01 7.069560289382934570e-01 1.461445912718772888e-02
5.368173005990684032e-04 2.394039928913116455e-01 -1.568499207496643066e-02 -1.461469568312168121e-02 -7.069554328918457031e-01 7.069560289382934570e-01 1.461394410580396652e-02
5.368138081394135952e-04 2.394039779901504517e-01 -1.568499207496643066e-02 -1.461316086351871490e-02 -7.069554924964904785e-01 7.069560289382934570e-01 1.461445912718772888e-02
5.368084530346095562e-04 2.394039779901504517e-01 -1.568499207496643066e-02 -1.461467426270246506e-02 -7.069553136825561523e-01 7.069562077522277832e-01 1.461396552622318268e-02
5.413531907834112644e-04 2.394908964633941650e-01 -1.568499207496643066e-02 -1.467582862824201584e-02 -7.069544792175292969e-01 7.069544196128845215e-01 1.467592641711235046e-02
5.413533071987330914e-04 2.394908964633941650e-01 -1.568499207496643066e-02 -1.467557996511459351e-02 -7.069544792175292969e-01 7.069544792175292969e-01 1.467617508023977280e-02
5.413509206846356392e-04 2.394908964633941650e-01 -1.568502187728881836e-02 -1.467684376984834671e-02 -7.069544792175292969e-01 7.069544196128845215e-01 1.467592641711235046e-02
5.413623875938355923e-04 2.394908964633941650e-01 -1.568499207496643066e-02 -1.467582397162914276e-02 -7.069545388221740723e-01 7.069544196128845215e-01 1.467593200504779816e-02
5.413574399426579475e-04 2.394908964633941650e-01 -1.568499207496643066e-02 -1.467581838369369507e-02 -7.069544792175292969e-01 7.069544196128845215e-01 1.467593666166067123e-02
5.413541221059858799e-04 2.394908964633941650e-01 -1.568499207496643066e-02 -1.467707660049200058e-02 -7.069544196128845215e-01 7.069544792175292969e-01 1.467569358646869659e-02
5.413428298197686672e-04 2.394908964633941650e-01 -1.568502187728881836e-02 -1.467686053365468979e-02 -7.069545984268188477e-01 7.069543004035949707e-01 1.467591058462858200e-02
5.413595354184508324e-04 2.394908964633941650e-01 -1.568499207496643066e-02 -1.467582862824201584e-02 -7.069544792175292969e-01 7.069544196128845215e-01 1.467592641711235046e-02
5.413521430455148220e-04 2.394908964633941650e-01 -1.568502187728881836e-02 -1.467657927423715591e-02 -7.069544792175292969e-01 7.069544196128845215e-01 1.467619091272354126e-02
5.413477192632853985e-04 2.394908964633941650e-01 -1.568502187728881836e-02 -1.467655319720506668e-02 -7.069544792175292969e-01 7.069544196128845215e-01 1.467621698975563049e-02
5.413445178419351578e-04 2.394908964633941650e-01 -1.568502187728881836e-02 -1.467680744826793671e-02 -7.069544792175292969e-01 7.069544196128845215e-01 1.467596367001533508e-02
5.413567414507269859e-04 2.394908964633941650e-01 -1.568502187728881836e-02 -1.467578113079071045e-02 -7.069545388221740723e-01 7.069544196128845215e-01 1.467597391456365585e-02
5.413518520072102547e-04 2.394908964633941650e-01 -1.568502187728881836e-02 -1.467582397162914276e-02 -7.069545388221740723e-01 7.069544196128845215e-01 1.467593200504779816e-02
5.413499311544001102e-04 2.394908964633941650e-01 -1.568502187728881836e-02 -1.467657927423715591e-02 -7.069544792175292969e-01 7.069544196128845215e-01 1.467619091272354126e-02
5.413536564446985722e-04 2.394908964633941650e-01 -1.568502187728881836e-02 -1.467656902968883514e-02 -7.069544196128845215e-01 7.069544196128845215e-01 1.467620115727186203e-02
5.413550534285604954e-04 2.394908964633941650e-01 -1.568499207496643066e-02 -1.467581838369369507e-02 -7.069544792175292969e-01 7.069544196128845215e-01 1.467593666166067123e-02
5.413505714386701584e-04 2.394908964633941650e-01 -1.568502187728881836e-02 -1.467684470117092133e-02 -7.069545388221740723e-01 7.069543600082397461e-01 1.467592641711235046e-02
5.413583712652325630e-04 2.394908964633941650e-01 -1.568502187728881836e-02 -1.467683911323547363e-02 -7.069545388221740723e-01 7.069543600082397461e-01 1.467593200504779816e-02
5.705159273929893970e-04 2.394671589136123657e-01 -1.568517088890075684e-02 -1.456258259713649750e-02 -7.069567441940307617e-01 7.069568634033203125e-01 1.456289272755384445e-02
5.837748176418244839e-04 2.394805550575256348e-01 -1.568505167961120605e-02 -1.452594809234142303e-02 -7.069571614265441895e-01 7.069579362869262695e-01 1.452576089650392532e-02
6.373288924805819988e-04 2.397028058767318726e-01 -1.568499207496643066e-02 -1.447758078575134277e-02 -7.069498896598815918e-01 7.069671750068664551e-01 1.448165532201528549e-02
9.237735648639500141e-04 2.407926321029663086e-01 -1.568514108657836914e-02 -1.528563816100358963e-02 -7.069420814514160156e-01 7.069410681724548340e-01 1.528657879680395126e-02
9.739935630932450294e-04 2.419662028551101685e-01 -1.568499207496643066e-02 -1.514336001127958298e-02 -7.069446444511413574e-01 7.069445848464965820e-01 1.514287292957305908e-02
7.406524382531642914e-04 2.444474101066589355e-01 -1.568531990051269531e-02 -1.338928472250699997e-02 -7.069810032844543457e-01 7.069789767265319824e-01 1.338950358331203461e-02
6.004830356687307358e-03 2.445302605628967285e-01 -1.568490266799926758e-02 -1.825053803622722626e-02 -7.068709731101989746e-01 7.068714499473571777e-01 1.825154758989810944e-02
1.698092743754386902e-02 2.439163625240325928e-01 -1.568502187728881836e-02 -3.300926089286804199e-02 -7.063360214233398438e-01 7.063357234001159668e-01 3.300945460796356201e-02
2.630893327295780182e-02 2.439731359481811523e-01 -1.568517088890075684e-02 -3.145989030599594116e-02 -7.064074873924255371e-01 7.064056396484375000e-01 3.146022185683250427e-02
3.608571738004684448e-02 2.438641935586929321e-01 -1.568520069122314453e-02 -3.148130327463150024e-02 -7.064066529273986816e-01 7.064046263694763184e-01 3.148094937205314636e-02
4.525433480739593506e-02 2.439476251602172852e-01 -1.568520069122314453e-02 -2.859907597303390503e-02 -7.065292000770568848e-01 7.065272331237792969e-01 2.859812788665294647e-02
5.221673846244812012e-02 2.443171590566635132e-01 -1.568520069122314453e-02 -2.095987088978290558e-02 -7.067971825599670410e-01 7.067950367927551270e-01 2.095844037830829620e-02
5.941896885633468628e-02 2.446584999561309814e-01 -1.568520069122314453e-02 -1.332700159400701523e-02 -7.069820761680603027e-01 7.069802880287170410e-01 1.332908496260643005e-02
6.676357239484786987e-02 2.448616027832031250e-01 -1.568520069122314453e-02 -7.775643374770879745e-03 -7.070651650428771973e-01 7.070629596710205078e-01 7.774792145937681198e-03
7.351049780845642090e-02 2.450581938028335571e-01 -1.568520069122314453e-02 -2.201753435656428337e-03 -7.071043848991394043e-01 7.071023583412170410e-01 2.199553651735186577e-03
7.804328203201293945e-02 2.449462711811065674e-01 -1.568484306335449219e-02 -2.404452767223119736e-03 7.071021795272827148e-01 -7.071032524108886719e-01 2.392133465036749840e-03
7.778913527727127075e-02 2.494197487831115723e-01 -1.568505167961120605e-02 -5.062855780124664307e-03 7.070865035057067871e-01 -7.070907354354858398e-01 5.068243481218814850e-03
7.773244380950927734e-02 2.564493119716644287e-01 -1.568427681922912598e-02 -4.638456273823976517e-03 7.070885896682739258e-01 -7.070944905281066895e-01 4.651718307286500931e-03
7.773116976022720337e-02 2.643561065196990967e-01 -1.568245887756347656e-02 -3.791969735175371170e-03 7.070963978767395020e-01 -7.070969343185424805e-01 3.776373574510216713e-03
7.690721005201339722e-02 2.733165621757507324e-01 -1.568493247032165527e-02 -8.574489504098892212e-03 7.070554494857788086e-01 -7.070541977882385254e-01 8.572805672883987427e-03
7.821074128150939941e-02 2.806477248668670654e-01 -1.568737626075744629e-02 8.632991375634446740e-05 -7.071127891540527344e-01 7.071008682250976562e-01 0.000000000000000000e+00
7.805355638265609741e-02 2.884516119956970215e-01 -1.568347215652465820e-02 -7.715289830230176449e-04 7.071122527122497559e-01 -7.071003317832946777e-01 8.283977513201534748e-04
7.818308472633361816e-02 2.892015874385833740e-01 -1.568484306335449219e-02 -1.462530344724655151e-04 7.071124315261840820e-01 -7.071011066436767578e-01 9.171898273052647710e-05
7.817356288433074951e-02 2.891983091831207275e-01 -1.568499207496643066e-02 0.000000000000000000e+00 7.071062326431274414e-01 -7.071073651313781738e-01 1.504914253018796444e-04
7.817355543375015259e-02 2.891983091831207275e-01 -1.568499207496643066e-02 -1.485079847043380141e-04 7.071063518524169922e-01 -7.071071863174438477e-01 8.802102820482105017e-05
7.817356288433074951e-02 2.891983091831207275e-01 -1.568502187728881836e-02 0.000000000000000000e+00 7.071062922477722168e-01 -7.071071863174438477e-01 8.802909724181517959e-05
7.817355543375015259e-02 2.891983091831207275e-01 -1.568499207496643066e-02 -8.458048250759020448e-05 7.071062922477722168e-01 -7.071073055267333984e-01 1.504940737504512072e-04
7.817354798316955566e-02 2.891983091831207275e-01 -1.568499207496643066e-02 0.000000000000000000e+00 7.071064114570617676e-01 -7.071071267127990723e-01 8.803749369690194726e-05
7.817356288433074951e-02 2.891983091831207275e-01 -1.568502187728881836e-02 0.000000000000000000e+00 7.071062922477722168e-01 -7.071073055267333984e-01 8.802489901427179575e-05
7.817355543375015259e-02 2.891983091831207275e-01 -1.568499207496643066e-02 -1.485080865677446127e-04 7.071062922477722168e-01 -7.071073055267333984e-01 8.802086813375353813e-05
7.817356288433074951e-02 2.891983091831207275e-01 -1.568499207496643066e-02 0.000000000000000000e+00 7.071065306663513184e-01 -7.071070075035095215e-01 1.504965766798704863e-04
7.817355543375015259e-02 2.891983091831207275e-01 -1.568502187728881836e-02 0.000000000000000000e+00 7.071063518524169922e-01 -7.071071863174438477e-01 8.802489901427179575e-05
7.817357033491134644e-02 2.891983091831207275e-01 -1.568502187728881836e-02 0.000000000000000000e+00 7.071062326431274414e-01 -7.071073055267333984e-01 8.802489901427179575e-05
7.817356288433074951e-02 2.891983091831207275e-01 -1.568499207496643066e-02 -8.458905358565971255e-05 7.071062326431274414e-01 -7.071073055267333984e-01 1.504892570665106177e-04
7.817355543375015259e-02 2.891983091831207275e-01 -1.568502187728881836e-02 -1.485055981902405620e-04 7.071064710617065430e-01 -7.071071267127990723e-01 8.802506636129692197e-05
7.817356288433074951e-02 2.891983091831207275e-01 -1.568502187728881836e-02 -8.458518277620896697e-05 7.071061730384826660e-01 -7.071073651313781738e-01 1.504914253018796444e-04
7.817355543375015259e-02 2.891983091831207275e-01 -1.568499207496643066e-02 -1.485055981902405620e-04 7.071064710617065430e-01 -7.071071267127990723e-01 8.802506636129692197e-05
7.817356288433074951e-02 2.891983091831207275e-01 -1.568499207496643066e-02 0.000000000000000000e+00 7.071062326431274414e-01 -7.071073651313781738e-01 1.504890678916126490e-04
7.817355543375015259e-02 2.891983091831207275e-01 -1.568502187728881836e-02 -8.457191142952069640e-05 7.071063518524169922e-01 -7.071071863174438477e-01 1.504988904343917966e-04
7.817355543375015259e-02 2.891983091831207275e-01 -1.568499207496643066e-02 -8.457174408249557018e-05 7.071062922477722168e-01 -7.071071863174438477e-01 1.504989777458831668e-04
7.817355543375015259e-02 2.891983091831207275e-01 -1.568499207496643066e-02 0.000000000000000000e+00 7.071062922477722168e-01 -7.071073055267333984e-01 8.801214426057413220e-05
7.817354798316955566e-02 2.891983091831207275e-01 -1.568502187728881836e-02 0.000000000000000000e+00 7.071063518524169922e-01 -7.071071863174438477e-01 1.504988904343917966e-04
7.817355543375015259e-02 2.891983091831207275e-01 -1.568502187728881836e-02 -1.485031971242278814e-04 7.071062922477722168e-01 -7.071073055267333984e-01 8.802909724181517959e-05
7.817354798316955566e-02 2.891983091831207275e-01 -1.568502187728881836e-02 0.000000000000000000e+00 7.071064114570617676e-01 -7.071071267127990723e-01 8.802489901427179575e-05
7.817357033491134644e-02 2.891983091831207275e-01 -1.568502187728881836e-02 0.000000000000000000e+00 7.071064710617065430e-01 -7.071071267127990723e-01 8.802078809821978211e-05
7.817355543375015259e-02 2.891983091831207275e-01 -1.568499207496643066e-02 0.000000000000000000e+00 7.071061730384826660e-01 -7.071073651313781738e-01 8.801602234598249197e-05
7.817355543375015259e-02 2.891983091831207275e-01 -1.568502187728881836e-02 0.000000000000000000e+00 7.071065902709960938e-01 -7.071069478988647461e-01 8.804177195997908711e-05
7.817355543375015259e-02 2.891983091831207275e-01 -1.568502187728881836e-02 -8.458048250759020448e-05 7.071063518524169922e-01 -7.071071863174438477e-01 1.504940737504512072e-04
7.817356288433074951e-02 2.891983091831207275e-01 -1.568499207496643066e-02 -1.485055981902405620e-04 7.071062922477722168e-01 -7.071073055267333984e-01 8.802506636129692197e-05
7.817355543375015259e-02 2.891983091831207275e-01 -1.568502187728881836e-02 -1.485080865677446127e-04 7.071062922477722168e-01 -7.071073055267333984e-01 8.802086813375353813e-05
7.817354798316955566e-02 2.891983091831207275e-01 -1.568502187728881836e-02 0.000000000000000000e+00 7.071062326431274414e-01 -7.071073055267333984e-01 8.801634248811751604e-05
7.817355543375015259e-02 2.891982793807983398e-01 -1.568499207496643066e-02 0.000000000000000000e+00 7.071062326431274414e-01 -7.071073651313781738e-01 1.504962419858202338e-04
7.817354798316955566e-02 2.891983091831207275e-01 -1.568502187728881836e-02 -1.485031098127365112e-04 7.071063518524169922e-01 -7.071071863174438477e-01 8.802925731288269162e-05
7.817356288433074951e-02 2.891983091831207275e-01 -1.568499207496643066e-02 -1.485104730818420649e-04 7.071064114570617676e-01 -7.071071863174438477e-01 8.801682997727766633e-05
7.817355543375015259e-02 2.891983091831207275e-01 -1.568502187728881836e-02 -8.457174408249557018e-05 7.071062922477722168e-01 -7.071071863174438477e-01 1.504989777458831668e-04
7.817356288433074951e-02 2.891983091831207275e-01 -1.568499207496643066e-02 -1.485031098127365112e-04 7.071063518524169922e-01 -7.071071863174438477e-01 8.802925731288269162e-05
7.817354798316955566e-02 2.891983091831207275e-01 -1.568499207496643066e-02 0.000000000000000000e+00 7.071064114570617676e-01 -7.071071267127990723e-01 8.803749369690194726e-05
7.817356288433074951e-02 2.891983091831207275e-01 -1.568502187728881836e-02 0.000000000000000000e+00 7.071062922477722168e-01 -7.071073055267333984e-01 8.802489901427179575e-05
7.817355543375015259e-02 2.891983091831207275e-01 -1.568499207496643066e-02 -1.485080865677446127e-04 7.071062922477722168e-01 -7.071073055267333984e-01 8.802086813375353813e-05
7.817356288433074951e-02 2.891983091831207275e-01 -1.568499207496643066e-02 0.000000000000000000e+00 7.071065306663513184e-01 -7.071070075035095215e-01 1.504965766798704863e-04
7.817355543375015259e-02 2.891983091831207275e-01 -1.568502187728881836e-02 0.000000000000000000e+00 7.071063518524169922e-01 -7.071071863174438477e-01 8.802489901427179575e-05
7.817357033491134644e-02 2.891983091831207275e-01 -1.568502187728881836e-02 0.000000000000000000e+00 7.071062326431274414e-01 -7.071073055267333984e-01 8.802489901427179575e-05
7.817356288433074951e-02 2.891983091831207275e-01 -1.568499207496643066e-02 -8.458905358565971255e-05 7.071062326431274414e-01 -7.071073055267333984e-01 1.504892570665106177e-04
7.817355543375015259e-02 2.891983091831207275e-01 -1.568502187728881836e-02 -1.485055981902405620e-04 7.071064710617065430e-01 -7.071071267127990723e-01 8.802506636129692197e-05
7.817356288433074951e-02 2.891983091831207275e-01 -1.568502187728881836e-02 -8.458518277620896697e-05 7.071061730384826660e-01 -7.071073651313781738e-01 1.504914253018796444e-04
7.817355543375015259e-02 2.891983091831207275e-01 -1.568499207496643066e-02 -1.485055981902405620e-04 7.071064710617065430e-01 -7.071071267127990723e-01 8.802506636129692197e-05
7.817356288433074951e-02 2.891983091831207275e-01 -1.568499207496643066e-02 0.000000000000000000e+00 7.071062326431274414e-01 -7.071073651313781738e-01 1.504890678916126490e-04
7.817355543375015259e-02 2.891983091831207275e-01 -1.568502187728881836e-02 -8.457191142952069640e-05 7.071063518524169922e-01 -7.071071863174438477e-01 1.504988904343917966e-04
7.817355543375015259e-02 2.891983091831207275e-01 -1.568499207496643066e-02 -8.457174408249557018e-05 7.071062922477722168e-01 -7.071071863174438477e-01 1.504989777458831668e-04
7.817355543375015259e-02 2.891983091831207275e-01 -1.568499207496643066e-02 0.000000000000000000e+00 7.071062922477722168e-01 -7.071073055267333984e-01 8.801214426057413220e-05
7.817354798316955566e-02 2.891983091831207275e-01 -1.568502187728881836e-02 0.000000000000000000e+00 7.071063518524169922e-01 -7.071071863174438477e-01 1.504988904343917966e-04
7.817355543375015259e-02 2.891983091831207275e-01 -1.568502187728881836e-02 -1.485031971242278814e-04 7.071062922477722168e-01 -7.071073055267333984e-01 8.802909724181517959e-05
7.817354798316955566e-02 2.891983091831207275e-01 -1.568502187728881836e-02 0.000000000000000000e+00 7.071064114570617676e-01 -7.071071267127990723e-01 8.802489901427179575e-05
7.817355543375015259e-02 2.891983091831207275e-01 -1.568499207496643066e-02 0.000000000000000000e+00 7.071061730384826660e-01 -7.071073651313781738e-01 8.801602234598249197e-05
7.817355543375015259e-02 2.891983091831207275e-01 -1.568502187728881836e-02 0.000000000000000000e+00 7.071065902709960938e-01 -7.071069478988647461e-01 8.804177195997908711e-05
7.817355543375015259e-02 2.891983091831207275e-01 -1.568502187728881836e-02 -8.458048250759020448e-05 7.071063518524169922e-01 -7.071071863174438477e-01 1.504940737504512072e-04
7.817356288433074951e-02 2.891983091831207275e-01 -1.568499207496643066e-02 -1.485055981902405620e-04 7.071062922477722168e-01 -7.071073055267333984e-01 8.802506636129692197e-05
7.817355543375015259e-02 2.891983091831207275e-01 -1.568502187728881836e-02 -1.485080865677446127e-04 7.071062922477722168e-01 -7.071073055267333984e-01 8.802086813375353813e-05
7.817354798316955566e-02 2.891983091831207275e-01 -1.568502187728881836e-02 0.000000000000000000e+00 7.071062326431274414e-01 -7.071073055267333984e-01 8.801634248811751604e-05
7.817355543375015259e-02 2.891982793807983398e-01 -1.568499207496643066e-02 0.000000000000000000e+00 7.071062326431274414e-01 -7.071073651313781738e-01 1.504962419858202338e-04
7.817354798316955566e-02 2.891983091831207275e-01 -1.568502187728881836e-02 -1.485031098127365112e-04 7.071063518524169922e-01 -7.071071863174438477e-01 8.802925731288269162e-05
7.817356288433074951e-02 2.891983091831207275e-01 -1.568499207496643066e-02 -1.485104730818420649e-04 7.071064114570617676e-01 -7.071071863174438477e-01 8.801682997727766633e-05
7.817355543375015259e-02 2.891983091831207275e-01 -1.568502187728881836e-02 -8.457174408249557018e-05 7.071062922477722168e-01 -7.071071863174438477e-01 1.504989777458831668e-04
7.817355543375015259e-02 2.891983091831207275e-01 -1.568499207496643066e-02 -1.485080865677446127e-04 7.071062922477722168e-01 -7.071073055267333984e-01 8.802086813375353813e-05
7.817356288433074951e-02 2.891983091831207275e-01 -1.568499207496643066e-02 0.000000000000000000e+00 7.071065306663513184e-01 -7.071070075035095215e-01 1.504965766798704863e-04
7.817355543375015259e-02 2.891983091831207275e-01 -1.568502187728881836e-02 0.000000000000000000e+00 7.071063518524169922e-01 -7.071071863174438477e-01 8.802489901427179575e-05
7.817355543375015259e-02 2.891983091831207275e-01 -1.568499207496643066e-02 -1.485055981902405620e-04 7.071064710617065430e-01 -7.071071267127990723e-01 8.802506636129692197e-05
7.817356288433074951e-02 2.891983091831207275e-01 -1.568499207496643066e-02 0.000000000000000000e+00 7.071062326431274414e-01 -7.071073651313781738e-01 1.504890678916126490e-04
7.817355543375015259e-02 2.891983091831207275e-01 -1.568502187728881836e-02 -8.457191142952069640e-05 7.071063518524169922e-01 -7.071071863174438477e-01 1.504988904343917966e-04
7.817355543375015259e-02 2.891983091831207275e-01 -1.568499207496643066e-02 -8.457174408249557018e-05 7.071062922477722168e-01 -7.071071863174438477e-01 1.504989777458831668e-04
7.817355543375015259e-02 2.891983091831207275e-01 -1.568499207496643066e-02 0.000000000000000000e+00 7.071062922477722168e-01 -7.071073055267333984e-01 8.801214426057413220e-05
7.817354798316955566e-02 2.891983091831207275e-01 -1.568502187728881836e-02 0.000000000000000000e+00 7.071063518524169922e-01 -7.071071863174438477e-01 1.504988904343917966e-04
7.817355543375015259e-02 2.891983091831207275e-01 -1.568502187728881836e-02 -1.485031971242278814e-04 7.071062922477722168e-01 -7.071073055267333984e-01 8.802909724181517959e-05
7.817355543375015259e-02 2.891983091831207275e-01 -1.568502187728881836e-02 0.000000000000000000e+00 7.071065902709960938e-01 -7.071069478988647461e-01 8.804177195997908711e-05
7.817355543375015259e-02 2.891983091831207275e-01 -1.568502187728881836e-02 -8.458048250759020448e-05 7.071063518524169922e-01 -7.071071863174438477e-01 1.504940737504512072e-04
7.817356288433074951e-02 2.891983091831207275e-01 -1.568499207496643066e-02 -1.485055981902405620e-04 7.071062922477722168e-01 -7.071073055267333984e-01 8.802506636129692197e-05
7.817355543375015259e-02 2.891983091831207275e-01 -1.568502187728881836e-02 -1.485080865677446127e-04 7.071062922477722168e-01 -7.071073055267333984e-01 8.802086813375353813e-05
7.817354798316955566e-02 2.891983091831207275e-01 -1.568502187728881836e-02 0.000000000000000000e+00 7.071062326431274414e-01 -7.071073055267333984e-01 8.801634248811751604e-05
7.817355543375015259e-02 2.891982793807983398e-01 -1.568499207496643066e-02 0.000000000000000000e+00 7.071062326431274414e-01 -7.071073651313781738e-01 1.504962419858202338e-04
7.817354798316955566e-02 2.891983091831207275e-01 -1.568502187728881836e-02 -1.485031098127365112e-04 7.071063518524169922e-01 -7.071071863174438477e-01 8.802925731288269162e-05
7.817356288433074951e-02 2.891983091831207275e-01 -1.568499207496643066e-02 -1.485104730818420649e-04 7.071064114570617676e-01 -7.071071863174438477e-01 8.801682997727766633e-05
7.817355543375015259e-02 2.891983091831207275e-01 -1.568502187728881836e-02 -8.457174408249557018e-05 7.071062922477722168e-01 -7.071071863174438477e-01 1.504989777458831668e-04
7.817356288433074951e-02 2.891983091831207275e-01 -1.568499207496643066e-02 -1.485031098127365112e-04 7.071063518524169922e-01 -7.071071863174438477e-01 8.802925731288269162e-05
7.817354798316955566e-02 2.891983091831207275e-01 -1.568499207496643066e-02 0.000000000000000000e+00 7.071064114570617676e-01 -7.071071267127990723e-01 8.803749369690194726e-05
7.817356288433074951e-02 2.891983091831207275e-01 -1.568502187728881836e-02 0.000000000000000000e+00 7.071062922477722168e-01 -7.071073055267333984e-01 8.802489901427179575e-05
7.817355543375015259e-02 2.891983091831207275e-01 -1.568499207496643066e-02 -1.485080865677446127e-04 7.071062922477722168e-01 -7.071073055267333984e-01 8.802086813375353813e-05
7.817356288433074951e-02 2.891983091831207275e-01 -1.568499207496643066e-02 0.000000000000000000e+00 7.071065306663513184e-01 -7.071070075035095215e-01 1.504965766798704863e-04
7.817355543375015259e-02 2.891983091831207275e-01 -1.568502187728881836e-02 0.000000000000000000e+00 7.071063518524169922e-01 -7.071071863174438477e-01 8.802489901427179575e-05
7.817357033491134644e-02 2.891983091831207275e-01 -1.568502187728881836e-02 0.000000000000000000e+00 7.071062326431274414e-01 -7.071073055267333984e-01 8.802489901427179575e-05
7.817356288433074951e-02 2.891983091831207275e-01 -1.568499207496643066e-02 -8.458905358565971255e-05 7.071062326431274414e-01 -7.071073055267333984e-01 1.504892570665106177e-04
7.817355543375015259e-02 2.891983091831207275e-01 -1.568502187728881836e-02 -1.485055981902405620e-04 7.071064710617065430e-01 -7.071071267127990723e-01 8.802506636129692197e-05
7.817356288433074951e-02 2.891983091831207275e-01 -1.568502187728881836e-02 -8.458518277620896697e-05 7.071061730384826660e-01 -7.071073651313781738e-01 1.504914253018796444e-04
7.817355543375015259e-02 2.891983091831207275e-01 -1.568499207496643066e-02 -1.485055981902405620e-04 7.071064710617065430e-01 -7.071071267127990723e-01 8.802506636129692197e-05
7.817356288433074951e-02 2.891983091831207275e-01 -1.568499207496643066e-02 0.000000000000000000e+00 7.071062326431274414e-01 -7.071073651313781738e-01 1.504890678916126490e-04
7.817355543375015259e-02 2.891983091831207275e-01 -1.568502187728881836e-02 -8.457191142952069640e-05 7.071063518524169922e-01 -7.071071863174438477e-01 1.504988904343917966e-04
7.817355543375015259e-02 2.891983091831207275e-01 -1.568499207496643066e-02 -8.457174408249557018e-05 7.071062922477722168e-01 -7.071071863174438477e-01 1.504989777458831668e-04
7.817355543375015259e-02 2.891983091831207275e-01 -1.568499207496643066e-02 0.000000000000000000e+00 7.071062922477722168e-01 -7.071073055267333984e-01 8.801214426057413220e-05
7.817354798316955566e-02 2.891983091831207275e-01 -1.568502187728881836e-02 0.000000000000000000e+00 7.071063518524169922e-01 -7.071071863174438477e-01 1.504988904343917966e-04
7.817355543375015259e-02 2.891983091831207275e-01 -1.568502187728881836e-02 -1.485031971242278814e-04 7.071062922477722168e-01 -7.071073055267333984e-01 8.802909724181517959e-05
7.817354798316955566e-02 2.891983091831207275e-01 -1.568502187728881836e-02 0.000000000000000000e+00 7.071064114570617676e-01 -7.071071267127990723e-01 8.802489901427179575e-05
7.817357033491134644e-02 2.891983091831207275e-01 -1.568502187728881836e-02 0.000000000000000000e+00 7.071064710617065430e-01 -7.071071267127990723e-01 8.802078809821978211e-05
7.817355543375015259e-02 2.891983091831207275e-01 -1.568499207496643066e-02 0.000000000000000000e+00 7.071061730384826660e-01 -7.071073651313781738e-01 8.801602234598249197e-05
7.817355543375015259e-02 2.891983091831207275e-01 -1.568502187728881836e-02 0.000000000000000000e+00 7.071065902709960938e-01 -7.071069478988647461e-01 8.804177195997908711e-05
7.817355543375015259e-02 2.891983091831207275e-01 -1.568502187728881836e-02 -8.458048250759020448e-05 7.071063518524169922e-01 -7.071071863174438477e-01 1.504940737504512072e-04
7.817356288433074951e-02 2.891983091831207275e-01 -1.568499207496643066e-02 -1.485055981902405620e-04 7.071062922477722168e-01 -7.071073055267333984e-01 8.802506636129692197e-05
7.817355543375015259e-02 2.891983091831207275e-01 -1.568502187728881836e-02 -1.485080865677446127e-04 7.071062922477722168e-01 -7.071073055267333984e-01 8.802086813375353813e-05
7.817354798316955566e-02 2.891983091831207275e-01 -1.568502187728881836e-02 0.000000000000000000e+00 7.071062326431274414e-01 -7.071073055267333984e-01 8.801634248811751604e-05
7.817355543375015259e-02 2.891982793807983398e-01 -1.568499207496643066e-02 0.000000000000000000e+00 7.071062326431274414e-01 -7.071073651313781738e-01 1.504962419858202338e-04
7.817354798316955566e-02 2.891983091831207275e-01 -1.568502187728881836e-02 -1.485031098127365112e-04 7.071063518524169922e-01 -7.071071863174438477e-01 8.802925731288269162e-05
7.817356288433074951e-02 2.891983091831207275e-01 -1.568499207496643066e-02 -1.485104730818420649e-04 7.071064114570617676e-01 -7.071071863174438477e-01 8.801682997727766633e-05
7.817355543375015259e-02 2.891983091831207275e-01 -1.568502187728881836e-02 -8.457174408249557018e-05 7.071062922477722168e-01 -7.071071863174438477e-01 1.504989777458831668e-04
7.817356288433074951e-02 2.891983091831207275e-01 -1.568499207496643066e-02 -1.485031098127365112e-04 7.071063518524169922e-01 -7.071071863174438477e-01 8.802925731288269162e-05
7.817354798316955566e-02 2.891983091831207275e-01 -1.568499207496643066e-02 0.000000000000000000e+00 7.071064114570617676e-01 -7.071071267127990723e-01 8.803749369690194726e-05
7.817356288433074951e-02 2.891983091831207275e-01 -1.568502187728881836e-02 0.000000000000000000e+00 7.071062922477722168e-01 -7.071073055267333984e-01 8.802489901427179575e-05
7.817355543375015259e-02 2.891983091831207275e-01 -1.568499207496643066e-02 -1.485080865677446127e-04 7.071062922477722168e-01 -7.071073055267333984e-01 8.802086813375353813e-05
7.817356288433074951e-02 2.891983091831207275e-01 -1.568499207496643066e-02 0.000000000000000000e+00 7.071065306663513184e-01 -7.071070075035095215e-01 1.504965766798704863e-04
7.817355543375015259e-02 2.891983091831207275e-01 -1.568502187728881836e-02 0.000000000000000000e+00 7.071063518524169922e-01 -7.071071863174438477e-01 8.802489901427179575e-05
7.817357033491134644e-02 2.891983091831207275e-01 -1.568502187728881836e-02 0.000000000000000000e+00 7.071062326431274414e-01 -7.071073055267333984e-01 8.802489901427179575e-05
7.817356288433074951e-02 2.891983091831207275e-01 -1.568499207496643066e-02 -8.458905358565971255e-05 7.071062326431274414e-01 -7.071073055267333984e-01 1.504892570665106177e-04
7.817355543375015259e-02 2.891983091831207275e-01 -1.568502187728881836e-02 -1.485055981902405620e-04 7.071064710617065430e-01 -7.071071267127990723e-01 8.802506636129692197e-05
7.817355543375015259e-02 2.891983091831207275e-01 -1.568499207496643066e-02 -1.485055981902405620e-04 7.071064710617065430e-01 -7.071071267127990723e-01 8.802506636129692197e-05
7.817356288433074951e-02 2.891983091831207275e-01 -1.568499207496643066e-02 0.000000000000000000e+00 7.071062326431274414e-01 -7.071073651313781738e-01 1.504890678916126490e-04
7.817355543375015259e-02 2.891983091831207275e-01 -1.568502187728881836e-02 -8.457191142952069640e-05 7.071063518524169922e-01 -7.071071863174438477e-01 1.504988904343917966e-04
7.817355543375015259e-02 2.891983091831207275e-01 -1.568499207496643066e-02 -8.457174408249557018e-05 7.071062922477722168e-01 -7.071071863174438477e-01 1.504989777458831668e-04
7.817355543375015259e-02 2.891983091831207275e-01 -1.568499207496643066e-02 0.000000000000000000e+00 7.071062922477722168e-01 -7.071073055267333984e-01 8.801214426057413220e-05
7.817354798316955566e-02 2.891983091831207275e-01 -1.568502187728881836e-02 0.000000000000000000e+00 7.071063518524169922e-01 -7.071071863174438477e-01 1.504988904343917966e-04
7.817354798316955566e-02 2.891983091831207275e-01 -1.568502187728881836e-02 0.000000000000000000e+00 7.071064114570617676e-01 -7.071071267127990723e-01 8.802489901427179575e-05
7.817357033491134644e-02 2.891983091831207275e-01 -1.568502187728881836e-02 0.000000000000000000e+00 7.071064710617065430e-01 -7.071071267127990723e-01 8.802078809821978211e-05
7.817355543375015259e-02 2.891983091831207275e-01 -1.568502187728881836e-02 0.000000000000000000e+00 7.071065902709960938e-01 -7.071069478988647461e-01 8.804177195997908711e-05
7.817355543375015259e-02 2.891983091831207275e-01 -1.568502187728881836e-02 -8.458048250759020448e-05 7.071063518524169922e-01 -7.071071863174438477e-01 1.504940737504512072e-04
7.817681133747100830e-02 2.891978621482849121e-01 -1.568561792373657227e-02 -1.489030400989577174e-04 7.071104049682617188e-01 -7.071031332015991211e-01 8.735105075174942613e-05
7.817725837230682373e-02 2.891983985900878906e-01 -1.568472385406494141e-02 0.000000000000000000e+00 7.071051597595214844e-01 -7.071083784103393555e-01 8.763561345404013991e-05
7.817749679088592529e-02 2.891985476016998291e-01 -1.568514108657836914e-02 -1.719968277029693127e-04 7.071073651313781738e-01 -7.071061730384826660e-01 1.481268373026978225e-05
7.817714661359786987e-02 2.891990542411804199e-01 -1.568621397018432617e-02 -1.720847067190334201e-04 7.071124315261840820e-01 -7.071011066436767578e-01 1.375408646708820015e-05
7.819893211126327515e-02 2.891773581504821777e-01 -1.568499207496643066e-02 0.000000000000000000e+00 -7.071063518524169922e-01 7.071071863174438477e-01 1.255822135135531425e-04
7.819895446300506592e-02 2.891772985458374023e-01 -1.568499207496643066e-02 0.000000000000000000e+00 -7.071063518524169922e-01 7.071071863174438477e-01 1.255819952348247170e-04
7.814390957355499268e-02 2.884175181388854980e-01 -1.568308472633361816e-02 -2.142065932275727391e-04 -7.070975899696350098e-01 7.071158885955810547e-01 3.211341681890189648e-04
7.821162790060043335e-02 2.889938354492187500e-01 -1.568499207496643066e-02 1.066240315594768617e-06 7.071089744567871094e-01 -7.071045637130737305e-01 0.000000000000000000e+00
7.764673978090286255e-02 2.876961827278137207e-01 -1.568502187728881836e-02 -1.824650680646300316e-03 7.071044445037841797e-01 -7.071043848991394043e-01 1.837436342611908913e-03
7.603450864553451538e-02 2.867100834846496582e-01 -1.568517088890075684e-02 -4.471424967050552368e-03 7.070939540863037109e-01 -7.070913314819335938e-01 4.472256172448396683e-03
7.634148001670837402e-02 2.878388464450836182e-01 -1.568487286567687988e-02 -5.995832383632659912e-03 7.070820331573486328e-01 -7.070806026458740234e-01 6.001883186399936676e-03
7.634147256612777710e-02 2.878388464450836182e-01 -1.568487286567687988e-02 -6.000743247568607330e-03 7.070821523666381836e-01 -7.070804834365844727e-01 6.001940928399562836e-03
7.634147256612777710e-02 2.878388762474060059e-01 -1.568487286567687988e-02 -6.000875029712915421e-03 7.070824503898620605e-01 -7.070801854133605957e-01 6.001809146255254745e-03
7.634142786264419556e-02 2.878388464450836182e-01 -1.568487286567687988e-02 -5.995938088744878769e-03 7.070822119712829590e-01 -7.070804834365844727e-01 6.001777481287717819e-03
7.634146511554718018e-02 2.878388464450836182e-01 -1.568487286567687988e-02 -5.995896179229021072e-03 7.070822715759277344e-01 -7.070803642272949219e-01 6.001819856464862823e-03
7.634145766496658325e-02 2.878388464450836182e-01 -1.568487286567687988e-02 -6.000801455229520798e-03 7.070822715759277344e-01 -7.070803642272949219e-01 6.001882720738649368e-03
7.634148001670837402e-02 2.878388464450836182e-01 -1.568478345870971680e-02 -5.997643340378999710e-03 7.070820331573486328e-01 -7.070806026458740234e-01 6.002556532621383667e-03
7.634146511554718018e-02 2.878388464450836182e-01 -1.568484306335449219e-02 -6.000180263072252274e-03 7.070822715759277344e-01 -7.070803642272949219e-01 6.002503447234630585e-03
7.634145021438598633e-02 2.878388464450836182e-01 -1.568487286567687988e-02 -5.997759755700826645e-03 7.070822119712829590e-01 -7.070804238319396973e-01 6.002440582960844040e-03
7.634146511554718018e-02 2.878388464450836182e-01 -1.568487286567687988e-02 -6.000222638249397278e-03 7.070823311805725098e-01 -7.070803046226501465e-01 6.002461072057485580e-03
7.634146511554718018e-02 2.878388762474060059e-01 -1.568484306335449219e-02 -5.997654050588607788e-03 7.070821523666381836e-01 -7.070804834365844727e-01 6.002545822411775589e-03
7.634145021438598633e-02 2.878388464450836182e-01 -1.568487286567687988e-02 -6.000790745019912720e-03 7.070823907852172852e-01 -7.070802450180053711e-01 6.001893430948257446e-03
7.634146511554718018e-02 2.878388464450836182e-01 -1.568487286567687988e-02 -5.998433567583560944e-03 7.070823311805725098e-01 -7.070803046226501465e-01 6.001766771078109741e-03
7.634145021438598633e-02 2.878388762474060059e-01 -1.568487286567687988e-02 -6.000175140798091888e-03 7.070822715759277344e-01 -7.070804238319396973e-01 6.002509035170078278e-03
7.634146511554718018e-02 2.878388762474060059e-01 -1.568484306335449219e-02 -6.000180263072252274e-03 7.070821523666381836e-01 -7.070804834365844727e-01 6.002503912895917892e-03
7.634146511554718018e-02 2.878388464450836182e-01 -1.568487286567687988e-02 -5.997785832732915878e-03 7.070822715759277344e-01 -7.070804238319396973e-01 6.002414040267467499e-03
7.634146511554718018e-02 2.878388762474060059e-01 -1.568484306335449219e-02 -5.997643806040287018e-03 7.070823311805725098e-01 -7.070803046226501465e-01 6.002556066960096359e-03
7.634145021438598633e-02 2.878388762474060059e-01 -1.568484306335449219e-02 -6.000206340104341507e-03 7.070822715759277344e-01 -7.070804238319396973e-01 6.002477370202541351e-03
7.634148001670837402e-02 2.878388762474060059e-01 -1.568487286567687988e-02 -6.000175140798091888e-03 7.070822715759277344e-01 -7.070803642272949219e-01 6.002509035170078278e-03
7.634148001670837402e-02 2.878388464450836182e-01 -1.568487286567687988e-02 -6.000222638249397278e-03 7.070822715759277344e-01 -7.070804238319396973e-01 6.002461072057485580e-03
7.634147256612777710e-02 2.878388762474060059e-01 -1.568487286567687988e-02 -5.997817497700452805e-03 7.070822715759277344e-01 -7.070804238319396973e-01 6.002382375299930573e-03
7.634145766496658325e-02 2.878388762474060059e-01 -1.568484306335449219e-02 -5.997717380523681641e-03 7.070822715759277344e-01 -7.070803642272949219e-01 6.002482492476701736e-03
7.634147256612777710e-02 2.878388762474060059e-01 -1.568484306335449219e-02 -5.997685715556144714e-03 7.070822119712829590e-01 -7.070804834365844727e-01 6.002514157444238663e-03
7.634145021438598633e-02 2.878388464450836182e-01 -1.568484306335449219e-02 -5.997733213007450104e-03 7.070822119712829590e-01 -7.070804238319396973e-01 6.002466659992933273e-03
7.634145766496658325e-02 2.878388464450836182e-01 -1.568484306335449219e-02 -5.997659172862768173e-03 7.070821523666381836e-01 -7.070804834365844727e-01 6.002540700137615204e-03
7.634146511554718018e-02 2.878388464450836182e-01 -1.568487286567687988e-02 -5.997696425765752792e-03 7.070822119712829590e-01 -7.070804834365844727e-01 6.002503912895917892e-03
7.634146511554718018e-02 2.878388464450836182e-01 -1.568484306335449219e-02 -5.997680593281984329e-03 7.070821523666381836e-01 -7.070805430412292480e-01 6.002519279718399048e-03
7.634145021438598633e-02 2.878388464450836182e-01 -1.568490266799926758e-02 -6.000222638249397278e-03 7.070822715759277344e-01 -7.070803642272949219e-01 6.002461072057485580e-03
7.634147256612777710e-02 2.878388762474060059e-01 -1.568484306335449219e-02 -5.997696425765752792e-03 7.070821523666381836e-01 -7.070804834365844727e-01 6.002503912895917892e-03
7.634147256612777710e-02 2.878388464450836182e-01 -1.568481326103210449e-02 -5.997796542942523956e-03 7.070822715759277344e-01 -7.070804238319396973e-01 6.002403330057859421e-03
7.634148746728897095e-02 2.878388762474060059e-01 -1.568484306335449219e-02 -5.998275242745876312e-03 7.070821523666381836e-01 -7.070804834365844727e-01 6.001925095915794373e-03
7.634147256612777710e-02 2.878388762474060059e-01 -1.568484306335449219e-02 -5.998322740197181702e-03 7.070822715759277344e-01 -7.070804238319396973e-01 6.001877598464488983e-03
7.634147256612777710e-02 2.878388762474060059e-01 -1.568484306335449219e-02 -6.000806111842393875e-03 7.070821523666381836e-01 -7.070804834365844727e-01 6.001878064125776291e-03
7.634145766496658325e-02 2.878388464450836182e-01 -1.568484306335449219e-02 -5.998354405164718628e-03 7.070822715759277344e-01 -7.070803642272949219e-01 6.001845933496952057e-03
7.634145766496658325e-02 2.878388464450836182e-01 -1.568487286567687988e-02 -5.995885469019412994e-03 7.070822715759277344e-01 -7.070803642272949219e-01 6.001830566674470901e-03
7.634148001670837402e-02 2.878388464450836182e-01 -1.568484306335449219e-02 -5.998322740197181702e-03 7.070822119712829590e-01 -7.070804238319396973e-01 6.001877598464488983e-03
7.634147256612777710e-02 2.878388464450836182e-01 -1.568487286567687988e-02 -5.998338107019662857e-03 7.070821523666381836e-01 -7.070804834365844727e-01 6.001862231642007828e-03
7.634148001670837402e-02 2.878388464450836182e-01 -1.568484306335449219e-02 -5.995890591293573380e-03 7.070821523666381836e-01 -7.070804834365844727e-01 6.001824978739023209e-03
7.634145021438598633e-02 2.878388464450836182e-01 -1.568484306335449219e-02 -5.997670348733663559e-03 7.070823311805725098e-01 -7.070803046226501465e-01 6.002529989928007126e-03
7.634149491786956787e-02 2.878388762474060059e-01 -1.568484306335449219e-02 -6.000243593007326126e-03 7.070822119712829590e-01 -7.070804238319396973e-01 6.002440582960844040e-03
7.634145021438598633e-02 2.878388464450836182e-01 -1.568484306335449219e-02 -6.000138353556394577e-03 7.070823907852172852e-01 -7.070802450180053711e-01 6.002545356750488281e-03
7.634146511554718018e-02 2.878388464450836182e-01 -1.568484306335449219e-02 -5.997638218104839325e-03 7.070822715759277344e-01 -7.070803642272949219e-01 6.002561654895544052e-03
7.634146511554718018e-02 2.878388762474060059e-01 -1.568487286567687988e-02 -5.997722502797842026e-03 7.070822715759277344e-01 -7.070803642272949219e-01 6.002477370202541351e-03
7.634137570858001709e-02 2.878387570381164551e-01 -1.568499207496643066e-02 -6.000126712024211884e-03 7.070814371109008789e-01 -7.070812582969665527e-01 6.002556998282670975e-03
7.634150981903076172e-02 2.878388166427612305e-01 -1.568499207496643066e-02 -6.000400986522436142e-03 7.070817351341247559e-01 -7.070809006690979004e-01 6.002282723784446716e-03
7.631200551986694336e-02 2.878310978412628174e-01 -1.568505167961120605e-02 -6.037561688572168350e-03 7.070810198783874512e-01 -7.070810794830322266e-01 6.034445017576217651e-03
7.631213217973709106e-02 2.878311276435852051e-01 -1.568499207496643066e-02 -6.032539065927267075e-03 7.070809602737426758e-01 -7.070810794830322266e-01 6.036998238414525986e-03
7.623822987079620361e-02 2.878138124942779541e-01 -1.568499207496643066e-02 -6.107571534812450409e-03 7.070800065994262695e-01 -7.070807814598083496e-01 6.109221372753381729e-03
7.600877434015274048e-02 2.877548336982727051e-01 -1.568505167961120605e-02 -6.369608454406261444e-03 7.070783376693725586e-01 -7.070778012275695801e-01 6.370228249579668045e-03
7.600878924131393433e-02 2.877548038959503174e-01 -1.568502187728881836e-02 -6.367221474647521973e-03 7.070783972740173340e-01 -7.070778012275695801e-01 6.370275747030973434e-03
7.600893080234527588e-02 2.877548038959503174e-01 -1.568505167961120605e-02 -6.369634997099637985e-03 7.070781588554382324e-01 -7.070779800415039062e-01 6.370202172547578812e-03
7.600867003202438354e-02 2.877548038959503174e-01 -1.568505167961120605e-02 -6.371879484504461288e-03 7.070785164833068848e-01 -7.070776820182800293e-01 6.370296701788902283e-03
7.600912451744079590e-02 2.877549231052398682e-01 -1.568514108657836914e-02 -6.365582346916198730e-03 7.070785760879516602e-01 -7.070776820182800293e-01 6.369574926793575287e-03
7.603573799133300781e-02 2.877398729324340820e-01 -1.568511128425598145e-02 -6.277235224843025208e-03 7.070791125297546387e-01 -7.070786952972412109e-01 6.281183101236820221e-03
7.680025696754455566e-02 2.877668738365173340e-01 -1.568502187728881836e-02 -5.167156923562288284e-03 7.070878744125366211e-01 -7.070878744125366211e-01 5.164925009012222290e-03
7.685505598783493042e-02 2.878002226352691650e-01 -1.568502187728881836e-02 -5.130664445459842682e-03 7.070884108543395996e-01 -7.070878744125366211e-01 5.134860053658485413e-03
7.730717957019805908e-02 2.881363034248352051e-01 -1.568499207496643066e-02 -4.685491323471069336e-03 7.070918679237365723e-01 -7.070906162261962891e-01 4.687727894634008408e-03
7.737864553928375244e-02 2.882203459739685059e-01 -1.568484306335449219e-02 -4.313509911298751831e-03 7.070931196212768555e-01 -7.070941329002380371e-01 4.314711317420005798e-03
7.758487761020660400e-02 2.884643673896789551e-01 -1.568475365638732910e-02 -3.238364821299910545e-03 7.071006894111633301e-01 -7.070980668067932129e-01 3.239417914301156998e-03
7.765134423971176147e-02 2.885445356369018555e-01 -1.568448543548583984e-02 -2.886963775381445885e-03 7.071030139923095703e-01 -7.070987820625305176e-01 2.895607380196452141e-03
7.766968011856079102e-02 2.885672450065612793e-01 -1.568493247032165527e-02 -2.790544182062149048e-03 7.071031332015991211e-01 -7.070993781089782715e-01 2.798085100948810577e-03
7.768971472978591919e-02 2.885902822017669678e-01 -1.568472385406494141e-02 -2.687381114810705185e-03 7.071042656898498535e-01 -7.070990800857543945e-01 2.694793278351426125e-03
7.769394665956497192e-02 2.885959148406982422e-01 -1.568493247032165527e-02 -2.662872895598411560e-03 7.071041464805603027e-01 -7.070993781089782715e-01 2.669234992936253548e-03
7.769154012203216553e-02 2.885992527008056641e-01 -1.568484306335449219e-02 -2.651837421581149101e-03 7.071044445037841797e-01 -7.070991396903991699e-01 2.652254654094576836e-03
7.768752425909042358e-02 2.886040508747100830e-01 -1.568484306335449219e-02 -2.629649359732866287e-03 7.071050405502319336e-01 -7.070987820625305176e-01 2.634961856529116631e-03
7.768269628286361694e-02 2.886081635951995850e-01 -1.568484306335449219e-02 -2.606327878311276436e-03 7.071044445037841797e-01 -7.070995569229125977e-01 2.612798474729061127e-03
7.767857611179351807e-02 2.886122465133666992e-01 -1.568481326103210449e-02 -2.594956662505865097e-03 7.071044445037841797e-01 -7.070995569229125977e-01 2.595544327050447464e-03
7.767425477504730225e-02 2.886172533035278320e-01 -1.568490266799926758e-02 -2.578437095507979393e-03 7.071045637130737305e-01 -7.070996165275573730e-01 2.577498322352766991e-03
7.766836136579513550e-02 2.886226773262023926e-01 -1.568493247032165527e-02 -2.545487368479371071e-03 7.071053981781005859e-01 -7.070990204811096191e-01 2.552313962951302528e-03
7.766535878181457520e-02 2.886237502098083496e-01 -1.568469405174255371e-02 -2.536655636504292488e-03 7.071035504341125488e-01 -7.071009278297424316e-01 2.543576993048191071e-03
7.766482234001159668e-02 2.886242568492889404e-01 -1.568451523780822754e-02 -2.542945090681314468e-03 7.071037292480468750e-01 -7.071006894111633301e-01 2.543155336752533913e-03
7.766523212194442749e-02 2.886238694190979004e-01 -1.568478345870971680e-02 -2.542871050536632538e-03 7.071033120155334473e-01 -7.071011066436767578e-01 2.543229376897215843e-03
7.766572386026382446e-02 2.886234521865844727e-01 -1.568478345870971680e-02 -2.542333211749792099e-03 7.071033120155334473e-01 -7.071011066436767578e-01 2.543766982853412628e-03
7.766593247652053833e-02 2.886232733726501465e-01 -1.568475365638732910e-02 -2.536353887990117073e-03 7.071031928062438965e-01 -7.071012258529663086e-01 2.543877810239791870e-03
7.766585052013397217e-02 2.886232137680053711e-01 -1.568478345870971680e-02 -2.536496846005320549e-03 7.071034908294677734e-01 -7.071009874343872070e-01 2.543735317885875702e-03
7.766595482826232910e-02 2.886232435703277588e-01 -1.568478345870971680e-02 -2.536353887990117073e-03 7.071033120155334473e-01 -7.071011662483215332e-01 2.543877810239791870e-03
7.766599208116531372e-02 2.886233031749725342e-01 -1.568478345870971680e-02 -2.536438638344407082e-03 7.071033716201782227e-01 -7.071011066436767578e-01 2.543793292716145515e-03
7.766597718000411987e-02 2.886231243610382080e-01 -1.568481326103210449e-02 -2.542364643886685371e-03 7.071031332015991211e-01 -7.071012854576110840e-01 2.543735550716519356e-03
7.766594737768173218e-02 2.886230051517486572e-01 -1.568496227264404297e-02 -2.542353700846433640e-03 7.071022987365722656e-01 -7.071021199226379395e-01 2.543746260926127434e-03
7.766591012477874756e-02 2.886231243610382080e-01 -1.568496227264404297e-02 -2.542411675676703453e-03 7.071023583412170410e-01 -7.071020603179931641e-01 2.543688286095857620e-03
7.766590267419815063e-02 2.886230945587158203e-01 -1.568499207496643066e-02 -2.536538755521178246e-03 7.071024179458618164e-01 -7.071020603179931641e-01 2.543693641200661659e-03
7.766593247652053833e-02 2.886230945587158203e-01 -1.568499207496643066e-02 -2.536501735448837280e-03 7.071023583412170410e-01 -7.071020603179931641e-01 2.543730428442358971e-03
7.766591757535934448e-02 2.886230945587158203e-01 -1.568499207496643066e-02 -2.536475192755460739e-03 7.071024179458618164e-01 -7.071020603179931641e-01 2.543756971135735512e-03
7.766591757535934448e-02 2.886230945587158203e-01 -1.568496227264404297e-02 -2.542337868362665176e-03 7.071024775505065918e-01 -7.071019411087036133e-01 2.543762093409895897e-03
7.766592502593994141e-02 2.886230945587158203e-01 -1.568499207496643066e-02 -2.536480547860264778e-03 7.071024179458618164e-01 -7.071020603179931641e-01 2.543751616030931473e-03
7.766591757535934448e-02 2.886231243610382080e-01 -1.568496227264404297e-02 -2.542390720918774605e-03 7.071024179458618164e-01 -7.071020007133483887e-01 2.543709240853786469e-03
7.766593992710113525e-02 2.886230945587158203e-01 -1.568499207496643066e-02 -2.542364178225398064e-03 7.071023583412170410e-01 -7.071020603179931641e-01 2.543735783547163010e-03
7.766590267419815063e-02 2.886231243610382080e-01 -1.568496227264404297e-02 -2.536501735448837280e-03 7.071022391319274902e-01 -7.071021795272827148e-01 2.543730428442358971e-03
7.766592502593994141e-02 2.886231243610382080e-01 -1.568499207496643066e-02 -2.542395843192934990e-03 7.071024179458618164e-01 -7.071020007133483887e-01 2.543704118579626083e-03
7.766589522361755371e-02 2.886231243610382080e-01 -1.568496227264404297e-02 -2.542274538427591324e-03 7.071022987365722656e-01 -7.071021199226379395e-01 2.543825423344969749e-03
7.766591757535934448e-02 2.886230945587158203e-01 -1.568499207496643066e-02 -2.536485902965068817e-03 7.071024775505065918e-01 -7.071020007133483887e-01 2.543746260926127434e-03
7.766592502593994141e-02 2.886230945587158203e-01 -1.568496227264404297e-02 -2.542374888435006142e-03 7.071023583412170410e-01 -7.071020603179931641e-01 2.543725306168198586e-03
7.766592502593994141e-02 2.886231243610382080e-01 -1.568499207496643066e-02 -2.542369533330202103e-03 7.071024775505065918e-01 -7.071019411087036133e-01 2.543730428442358971e-03
7.766591757535934448e-02 2.886230945587158203e-01 -1.568496227264404297e-02 -2.542327390983700752e-03 7.071023583412170410e-01 -7.071020603179931641e-01 2.543772803619503975e-03
7.766592502593994141e-02 2.886231243610382080e-01 -1.568499207496643066e-02 -2.542395843192934990e-03 7.071024179458618164e-01 -7.071020007133483887e-01 2.543704118579626083e-03
7.766592502593994141e-02 2.886230945587158203e-01 -1.568496227264404297e-02 -2.546777483075857162e-03 7.071022987365722656e-01 -7.071020603179931641e-01 2.545178867876529694e-03
7.766591757535934448e-02 2.886230945587158203e-01 -1.568496227264404297e-02 -2.546819625422358513e-03 7.071022987365722656e-01 -7.071021199226379395e-01 2.545136725530028343e-03
7.766592502593994141e-02 2.886230945587158203e-01 -1.568496227264404297e-02 -2.546751173213124275e-03 7.071023583412170410e-01 -7.071020007133483887e-01 2.545205177739262581e-03
7.766591757535934448e-02 2.886230945587158203e-01 -1.568496227264404297e-02 -2.546751173213124275e-03 7.071022987365722656e-01 -7.071021199226379395e-01 2.545205177739262581e-03
7.766592502593994141e-02 2.886230945587158203e-01 -1.568496227264404297e-02 -2.540888031944632530e-03 7.071023583412170410e-01 -7.071020603179931641e-01 2.545210532844066620e-03
7.766593247652053833e-02 2.886230945587158203e-01 -1.568496227264404297e-02 -2.546703675761818886e-03 7.071023583412170410e-01 -7.071020007133483887e-01 2.545252442359924316e-03
7.766591757535934448e-02 2.886230945587158203e-01 -1.568496227264404297e-02 -2.546756295487284660e-03 7.071022987365722656e-01 -7.071020603179931641e-01 2.545199822634458542e-03
7.766592502593994141e-02 2.886230945587158203e-01 -1.568499207496643066e-02 -2.540814224630594254e-03 7.071024179458618164e-01 -7.071020007133483887e-01 2.545284107327461243e-03
7.766591757535934448e-02 2.886230945587158203e-01 -1.568496227264404297e-02 -2.546682488173246384e-03 7.071022987365722656e-01 -7.071021199226379395e-01 2.545273629948496819e-03
7.766591757535934448e-02 2.886230945587158203e-01 -1.568496227264404297e-02 -2.546782605350017548e-03 7.071022987365722656e-01 -7.071020603179931641e-01 2.545173512771725655e-03
7.766591012477874756e-02 2.886230945587158203e-01 -1.568496227264404297e-02 -2.546724630519747734e-03 7.071022987365722656e-01 -7.071021199226379395e-01 2.545231487601995468e-03
7.766585052013397217e-02 2.886231541633605957e-01 -1.568502187728881836e-02 -2.546798670664429665e-03 7.071025371551513672e-01 -7.071018218994140625e-01 2.545157447457313538e-03
7.764770090579986572e-02 2.886162698268890381e-01 -1.568496227264404297e-02 -2.567464485764503479e-03 7.071025967597961426e-01 -7.071015834808349609e-01 2.576889004558324814e-03
7.767330855131149292e-02 2.885340452194213867e-01 -1.568502187728881836e-02 -2.289317082613706589e-03 7.071031928062438965e-01 -7.071029543876647949e-01 2.284653484821319580e-03
7.786612957715988159e-02 2.873559296131134033e-01 -1.568502187728881836e-02 -2.824758121278136969e-04 -7.071078419685363770e-01 7.071056365966796875e-01 1.985364069696515799e-04
7.786865532398223877e-02 2.873595952987670898e-01 -1.568499207496643066e-02 -2.238973829662427306e-04 -7.071074247360229492e-01 7.071060538291931152e-01 1.981840759981423616e-04
7.787376642227172852e-02 2.873660624027252197e-01 -1.568496227264404297e-02 -2.239439636468887329e-04 -7.071081995964050293e-01 7.071053385734558105e-01 1.981314271688461304e-04
7.798592001199722290e-02 2.872479259967803955e-01 -1.568502187728881836e-02 -6.834998494014143944e-04 -7.071071863174438477e-01 7.071056365966796875e-01 6.974971038289368153e-04
7.804732769727706909e-02 2.872860729694366455e-01 -1.568502187728881836e-02 -7.111076265573501587e-04 -7.071071267127990723e-01 7.071056962013244629e-01 7.124639814719557762e-04
7.804965972900390625e-02 2.872934937477111816e-01 -1.568505167961120605e-02 -7.134230691008269787e-04 -7.071070671081542969e-01 7.071057558059692383e-01 7.101453957147896290e-04
7.821184396743774414e-02 2.876805961132049561e-01 -1.568517088890075684e-02 0.000000000000000000e+00 7.071079015731811523e-01 -7.071056365966796875e-01 8.632332901470363140e-05
7.821160554885864258e-02 2.881639897823333740e-01 -1.568472385406494141e-02 0.000000000000000000e+00 -7.071054577827453613e-01 7.071080207824707031e-01 8.631411037640646100e-05
7.821198552846908569e-02 2.883821427822113037e-01 -1.568451523780822754e-02 0.000000000000000000e+00 7.071036696434020996e-01 -7.071099281311035156e-01 8.630094089312478900e-05
7.821197807788848877e-02 2.883826196193695068e-01 -1.568421721458435059e-02 0.000000000000000000e+00 7.071020603179931641e-01 -7.071114778518676758e-01 0.000000000000000000e+00
7.821168750524520874e-02 2.883831858634948730e-01 -1.568442583084106445e-02 0.000000000000000000e+00 7.071021795272827148e-01 -7.071114182472229004e-01 0.000000000000000000e+00
7.821030914783477783e-02 2.883851230144500732e-01 -1.568400859832763672e-02 0.000000000000000000e+00 7.071006298065185547e-01 -7.071129083633422852e-01 1.221317652380093932e-04
7.820677757263183594e-02 2.883893847465515137e-01 -1.568397879600524902e-02 0.000000000000000000e+00 7.071005105972290039e-01 -7.071130275726318359e-01 1.731989177642390132e-04
7.818669825792312622e-02 2.884141504764556885e-01 -1.568290591239929199e-02 -5.603191675618290901e-05 7.070949077606201172e-01 -7.071186900138854980e-01 1.632873172638937831e-04
7.813014835119247437e-02 2.884809374809265137e-01 -1.568445563316345215e-02 -4.209002945572137833e-04 7.071018218994140625e-01 -7.071114778518676758e-01 4.248185432516038418e-04
7.791855186223983765e-02 2.888925075531005859e-01 -1.568520069122314453e-02 -1.351669081486761570e-03 7.071068286895751953e-01 -7.071041464805603027e-01 1.366923097521066666e-03
7.791862636804580688e-02 2.888925671577453613e-01 -1.568511128425598145e-02 -1.351588871330022812e-03 7.071062326431274414e-01 -7.071046829223632812e-01 1.367002376355230808e-03
7.791854441165924072e-02 2.888924181461334229e-01 -1.568493247032165527e-02 -1.357089960947632790e-03 7.071058154106140137e-01 -7.071051597595214844e-01 1.361541217193007469e-03
7.789850980043411255e-02 2.888966500759124756e-01 -1.568529009819030762e-02 -1.345263444818556309e-03 7.071071267127990723e-01 -7.071039080619812012e-01 1.351351034827530384e-03
7.789865881204605103e-02 2.888967990875244141e-01 -1.568567752838134766e-02 -1.333944033831357956e-03 7.071082592010498047e-01 -7.071027755737304688e-01 1.351545099169015884e-03
7.777512818574905396e-02 2.889013290405273438e-01 -1.568511128425598145e-02 -1.316627836786210537e-03 7.071060538291931152e-01 -7.071050405502319336e-01 1.335352077148854733e-03
7.771030068397521973e-02 2.888993620872497559e-01 -1.568502187728881836e-02 -1.340217073448002338e-03 7.071061730384826660e-01 -7.071048617362976074e-01 1.334202708676457405e-03
7.722176611423492432e-02 2.887864410877227783e-01 -1.568502187728881836e-02 -1.826264313422143459e-03 7.071046233177185059e-01 -7.071042060852050781e-01 1.827697735279798508e-03
7.639366388320922852e-02 2.885743975639343262e-01 -1.568505167961120605e-02 -2.750897547230124474e-03 7.071020603179931641e-01 -7.071008086204528809e-01 2.757162321358919144e-03
7.627033442258834839e-02 2.885506451129913330e-01 -1.568508148193359375e-02 -2.857536543160676956e-03 7.071022987365722656e-01 -7.070997357368469238e-01 2.862858586013317108e-03
7.627032697200775146e-02 2.885506749153137207e-01 -1.568496227264404297e-02 -2.857657615095376968e-03 7.071012854576110840e-01 -7.071006894111633301e-01 2.862737979739904404e-03
7.627031207084655762e-02 2.885506749153137207e-01 -1.568499207496643066e-02 -2.860310720279812813e-03 7.071005702018737793e-01 -7.071014046669006348e-01 2.860086970031261444e-03
7.627032697200775146e-02 2.885506153106689453e-01 -1.568505167961120605e-02 -2.862888155505061150e-03 7.071009874343872070e-01 -7.071009874343872070e-01 2.862717024981975555e-03
7.627031207084655762e-02 2.885505855083465576e-01 -1.568499207496643066e-02 -2.860300242900848389e-03 7.071009278297424316e-01 -7.071010470390319824e-01 2.865302609279751778e-03
7.627034932374954224e-02 2.885506451129913330e-01 -1.568502187728881836e-02 -2.857699524611234665e-03 7.071009278297424316e-01 -7.071011066436767578e-01 2.862696070224046707e-03
7.627022266387939453e-02 2.885506451129913330e-01 -1.568496227264404297e-02 -2.857710234820842743e-03 7.071012854576110840e-01 -7.071007490158081055e-01 2.862685360014438629e-03
7.627034932374954224e-02 2.885506451129913330e-01 -1.568502187728881836e-02 -2.857715357095003128e-03 7.071012258529663086e-01 -7.071008086204528809e-01 2.862680004909634590e-03
7.627029716968536377e-02 2.885506749153137207e-01 -1.568502187728881836e-02 -2.857678337022662163e-03 7.071009874343872070e-01 -7.071009874343872070e-01 2.862717024981975555e-03
7.627034187316894531e-02 2.885506451129913330e-01 -1.568496227264404297e-02 -2.865568269044160843e-03 7.071006894111633301e-01 -7.071012854576110840e-01 2.860034350305795670e-03
7.627031207084655762e-02 2.885506749153137207e-01 -1.568502187728881836e-02 -2.862919820472598076e-03 7.071011066436767578e-01 -7.071008682250976562e-01 2.862685360014438629e-03
7.627033442258834839e-02 2.885506749153137207e-01 -1.568502187728881836e-02 -2.857667859643697739e-03 7.071011066436767578e-01 -7.071008682250976562e-01 2.862727502360939980e-03
7.627036422491073608e-02 2.885506749153137207e-01 -1.568496227264404297e-02 -2.857731189578771591e-03 7.071010470390319824e-01 -7.071009874343872070e-01 2.862664405256509781e-03
7.627026736736297607e-02 2.885506153106689453e-01 -1.568496227264404297e-02 -2.862877678126096725e-03 7.071008682250976562e-01 -7.071011066436767578e-01 2.862727502360939980e-03
7.627022266387939453e-02 2.885506451129913330e-01 -1.568505167961120605e-02 -2.857641549780964851e-03 7.071010470390319824e-01 -7.071009874343872070e-01 2.862754045054316521e-03
7.627027481794357300e-02 2.885506153106689453e-01 -1.568499207496643066e-02 -2.857667859643697739e-03 7.071011066436767578e-01 -7.071009278297424316e-01 2.862727502360939980e-03
7.627033442258834839e-02 2.885506749153137207e-01 -1.568499207496643066e-02 -2.855117665603756905e-03 7.071008682250976562e-01 -7.071011662483215332e-01 2.865271177142858505e-03
7.627034932374954224e-02 2.885506749153137207e-01 -1.568496227264404297e-02 -2.865557791665196419e-03 7.071009278297424316e-01 -7.071010470390319824e-01 2.860044827684760094e-03
7.627034187316894531e-02 2.885506749153137207e-01 -1.568496227264404297e-02 -2.862888155505061150e-03 7.071012258529663086e-01 -7.071007490158081055e-01 2.862717024981975555e-03
7.627031207084655762e-02 2.885506749153137207e-01 -1.568499207496643066e-02 -2.862888155505061150e-03 7.071011066436767578e-01 -7.071008682250976562e-01 2.862717024981975555e-03
7.627030462026596069e-02 2.885506153106689453e-01 -1.568499207496643066e-02 -2.857741899788379669e-03 7.071011066436767578e-01 -7.071008682250976562e-01 2.862653695046901703e-03
7.627027481794357300e-02 2.885506451129913330e-01 -1.568502187728881836e-02 -2.862877445295453072e-03 7.071006894111633301e-01 -7.071012854576110840e-01 2.862727735191583633e-03
7.627030462026596069e-02 2.885506749153137207e-01 -1.568499207496643066e-02 -2.865536836907267570e-03 7.071009874343872070e-01 -7.071009874343872070e-01 2.860065782442688942e-03
7.627025991678237915e-02 2.885506451129913330e-01 -1.568499207496643066e-02 -2.862930297851562500e-03 7.071012258529663086e-01 -7.071007490158081055e-01 2.862674882635474205e-03
7.627031952142715454e-02 2.885506749153137207e-01 -1.568502187728881836e-02 -2.855096478015184402e-03 7.071008682250976562e-01 -7.071011662483215332e-01 2.865292131900787354e-03
7.627035677433013916e-02 2.885506749153137207e-01 -1.568496227264404297e-02 -2.862830180674791336e-03 7.071012854576110840e-01 -7.071006894111633301e-01 2.862774999812245369e-03
7.627031952142715454e-02 2.885506749153137207e-01 -1.568499207496643066e-02 -2.862872323021292686e-03 7.071011662483215332e-01 -7.071008086204528809e-01 2.862732857465744019e-03
7.627032697200775146e-02 2.885506451129913330e-01 -1.568502187728881836e-02 -2.862951485440135002e-03 7.071011662483215332e-01 -7.071008086204528809e-01 2.862653695046901703e-03
7.627036422491073608e-02 2.885506749153137207e-01 -1.568499207496643066e-02 -2.862909110262989998e-03 7.071011066436767578e-01 -7.071008682250976562e-01 2.862696070224046707e-03
7.627025991678237915e-02 2.885505855083465576e-01 -1.568499207496643066e-02 -2.857741899788379669e-03 7.071013450622558594e-01 -7.071006894111633301e-01 2.862653695046901703e-03
7.627031952142715454e-02 2.885506749153137207e-01 -1.568502187728881836e-02 -2.857752144336700439e-03 7.071008086204528809e-01 -7.071012258529663086e-01 2.862643450498580933e-03
7.627032697200775146e-02 2.885506451129913330e-01 -1.568511128425598145e-02 -2.862956607714295387e-03 7.071011662483215332e-01 -7.071008086204528809e-01 2.862648572772741318e-03
7.605215907096862793e-02 2.884874045848846436e-01 -1.568540930747985840e-02 -3.133497433736920357e-03 7.071017622947692871e-01 -7.070978879928588867e-01 3.143331035971641541e-03
7.605322450399398804e-02 2.884878516197204590e-01 -1.568505167961120605e-02 -3.136095125228166580e-03 7.071005702018737793e-01 -7.070990800857543945e-01 3.140739165246486664e-03
7.594045996665954590e-02 2.884642779827117920e-01 -1.568499207496643066e-02 -3.243726445361971855e-03 7.070992588996887207e-01 -7.070994377136230469e-01 3.243251238018274307e-03
7.593944668769836426e-02 2.884642183780670166e-01 -1.568454504013061523e-02 -3.234809963032603264e-03 7.070975303649902344e-01 -7.071012258529663086e-01 3.242967650294303894e-03
7.593968510627746582e-02 2.884646058082580566e-01 -1.568418741226196289e-02 -3.244272433221340179e-03 7.070958614349365234e-01 -7.071028351783752441e-01 3.242705017328262329e-03
7.593952864408493042e-02 2.884644865989685059e-01 -1.568385958671569824e-02 -3.235241863876581192e-03 7.070947289466857910e-01 -7.071039676666259766e-01 3.242536680772900581e-03
7.596948742866516113e-02 2.884742021560668945e-01 -1.568543910980224609e-02 -3.189883660525083542e-03 7.071016430854797363e-01 -7.070974707603454590e-01 3.199880244210362434e-03
7.597711682319641113e-02 2.884768247604370117e-01 -1.568505167961120605e-02 -3.183027496561408043e-03 7.071004509925842285e-01 -7.070987224578857422e-01 3.188058733940124512e-03
7.597729563713073730e-02 2.884768247604370117e-01 -1.568520069122314453e-02 -3.183080116286873817e-03 7.071004509925842285e-01 -7.070987224578857422e-01 3.188006114214658737e-03
7.597770541906356812e-02 2.884771525859832764e-01 -1.568508148193359375e-02 -3.183043329045176506e-03 7.071006298065185547e-01 -7.070986032485961914e-01 3.188042901456356049e-03
7.597756385803222656e-02 2.884769141674041748e-01 -1.568472385406494141e-02 -3.180838190019130707e-03 7.070989012718200684e-01 -7.071003317832946777e-01 3.190242918208241463e-03
7.597748935222625732e-02 2.884768843650817871e-01 -1.568484306335449219e-02 -3.180933184921741486e-03 7.070991396903991699e-01 -7.071000933647155762e-01 3.190148156136274338e-03
7.598099112510681152e-02 2.884791791439056396e-01 -1.568514108657836914e-02 -3.174257464706897736e-03 7.071049213409423828e-01 -7.070943117141723633e-01 3.187454538419842720e-03
7.598061114549636841e-02 2.884786128997802734e-01 -1.568415760993957520e-02 -3.178937127813696861e-03 7.070968747138977051e-01 -7.071023583412170410e-01 3.182787448167800903e-03
7.596399635076522827e-02 2.884734869003295898e-01 -1.568603515625000000e-02 -3.194041317328810692e-03 7.071049213409423828e-01 -7.070941329002380371e-01 3.205042332410812378e-03
7.589106261730194092e-02 2.884532213211059570e-01 -1.568561792373657227e-02 -3.285921877250075340e-03 7.071011066436767578e-01 -7.070971131324768066e-01 3.292294684797525406e-03
7.541591674089431763e-02 2.876707017421722412e-01 -1.568511128425598145e-02 -5.674076732248067856e-03 7.070844769477844238e-01 -7.070835828781127930e-01 5.672554019838571548e-03
7.497510313987731934e-02 2.863738238811492920e-01 -1.568529009819030762e-02 -7.847148925065994263e-03 7.070624828338623047e-01 -7.070640921592712402e-01 7.840665057301521301e-03
7.494270801544189453e-02 2.860948145389556885e-01 -1.568499207496643066e-02 -7.813757285475730896e-03 7.070634365081787109e-01 -7.070637941360473633e-01 7.813149131834506989e-03
7.494263350963592529e-02 2.860947251319885254e-01 -1.568505167961120605e-02 -7.811017800122499466e-03 7.070631980895996094e-01 -7.070640325546264648e-01 7.813982665538787842e-03
7.494259625673294067e-02 2.860947251319885254e-01 -1.568502187728881836e-02 -7.811840157955884933e-03 7.070636153221130371e-01 -7.070636153221130371e-01 7.813159376382827759e-03
7.494263350963592529e-02 2.860946357250213623e-01 -1.568505167961120605e-02 -7.813852280378341675e-03 7.070634365081787109e-01 -7.070637941360473633e-01 7.813055068254470825e-03
7.494264841079711914e-02 2.860947251319885254e-01 -1.568505167961120605e-02 -7.812798954546451569e-03 7.070634365081787109e-01 -7.070638537406921387e-01 7.814108394086360931e-03
7.494264096021652222e-02 2.860947549343109131e-01 -1.568499207496643066e-02 -7.810944225639104843e-03 7.070635557174682617e-01 -7.070636749267578125e-01 7.814055308699607849e-03
-7.035050657577812672e-04 2.394456565380096436e-01 -1.568499207496643066e-02 -6.678469479084014893e-02 7.039456367492675781e-01 -7.039461135864257812e-01 6.678499281406402588e-02
-7.035010494291782379e-04 2.394456565380096436e-01 -1.568499207496643066e-02 -6.678495556116104126e-02 7.039455771446228027e-01 -7.039461135864257812e-01 6.678517907857894897e-02
-7.035037269815802574e-04 2.394456565380096436e-01 -1.568502187728881836e-02 -6.678507477045059204e-02 7.039454579353332520e-01 -7.039462327957153320e-01 6.678506731986999512e-02
-7.035064045339822769e-04 2.394456565380096436e-01 -1.568499207496643066e-02 -6.678516417741775513e-02 7.039459347724914551e-01 -7.039457559585571289e-01 6.678497046232223511e-02
-7.035066373646259308e-04 2.394456714391708374e-01 -1.568502187728881836e-02 -6.678466498851776123e-02 7.039455771446228027e-01 -7.039461731910705566e-01 6.678524613380432129e-02
-7.035018643364310265e-04 2.394456565380096436e-01 -1.568499207496643066e-02 -6.678452342748641968e-02 7.039455771446228027e-01 -7.039461731910705566e-01 6.678517162799835205e-02
-7.035111775621771812e-04 2.394456565380096436e-01 -1.568499207496643066e-02 -6.678523123264312744e-02 7.039455771446228027e-01 -7.039460539817810059e-01 6.678513437509536743e-02
-7.035015732981264591e-04 2.394456565380096436e-01 -1.568502187728881836e-02 -6.678467988967895508e-02 7.039455175399780273e-01 -7.039462327957153320e-01 6.678523868322372437e-02
-7.035082671791315079e-04 2.394456416368484497e-01 -1.568499207496643066e-02 -6.678479909896850586e-02 7.039455771446228027e-01 -7.039461731910705566e-01 6.678511202335357666e-02
-7.035090238787233829e-04 2.394456565380096436e-01 -1.568499207496643066e-02 -6.678524613380432129e-02 7.039454579353332520e-01 -7.039462327957153320e-01 6.678488850593566895e-02
-7.035054150037467480e-04 2.394456714391708374e-01 -1.568502187728881836e-02 -6.678495556116104126e-02 7.039453983306884766e-01 -7.039462924003601074e-01 6.678518652915954590e-02
-7.035091402940452099e-04 2.394456565380096436e-01 -1.568502187728881836e-02 -6.678495556116104126e-02 7.039455771446228027e-01 -7.039461135864257812e-01 6.678517907857894897e-02
-7.035121670924127102e-04 2.394456565380096436e-01 -1.568502187728881836e-02 -6.678490340709686279e-02 7.039454579353332520e-01 -7.039462327957153320e-01 6.678523868322372437e-02
-7.035066955722868443e-04 2.394456565380096436e-01 -1.568502187728881836e-02 -6.678490340709686279e-02 7.039455771446228027e-01 -7.039461731910705566e-01 6.678500771522521973e-02
-7.035064627416431904e-04 2.394456565380096436e-01 -1.568499207496643066e-02 -6.678490340709686279e-02 7.039454579353332520e-01 -7.039462327957153320e-01 6.678500771522521973e-02
-7.035096641629934311e-04 2.394456565380096436e-01 -1.568502187728881836e-02 -6.678473204374313354e-02 7.039455175399780273e-01 -7.039462327957153320e-01 6.678517907857894897e-02
-7.035085582174360752e-04 2.394456565380096436e-01 -1.568499207496643066e-02 -6.678507477045059204e-02 7.039455771446228027e-01 -7.039461135864257812e-01 6.678506731986999512e-02
-7.035056478343904018e-04 2.394456565380096436e-01 -1.568502187728881836e-02 -6.678479909896850586e-02 7.039455771446228027e-01 -7.039461135864257812e-01 6.678511202335357666e-02
-7.035014568828046322e-04 2.394456565380096436e-01 -1.568502187728881836e-02 -6.678523123264312744e-02 7.039456367492675781e-01 -7.039459943771362305e-01 6.678512692451477051e-02
-7.035049493424594402e-04 2.394456565380096436e-01 -1.568499207496643066e-02 -6.678500771522521973e-02 7.039455771446228027e-01 -7.039461135864257812e-01 6.678513437509536743e-02
-7.035110611468553543e-04 2.394456565380096436e-01 -1.568502187728881836e-02 -6.678473204374313354e-02 7.039455175399780273e-01 -7.039462327957153320e-01 6.678517907857894897e-02
-7.035018061287701130e-04 2.394456565380096436e-01 -1.568502187728881836e-02 -6.678485125303268433e-02 7.039455175399780273e-01 -7.039462327957153320e-01 6.678506731986999512e-02
-7.035022135823965073e-04 2.394456565380096436e-01 -1.568499207496643066e-02 -6.678452342748641968e-02 7.039455771446228027e-01 -7.039461731910705566e-01 6.678517162799835205e-02
-7.035114686004817486e-04 2.394456565380096436e-01 -1.568499207496643066e-02 -6.678523123264312744e-02 7.039455771446228027e-01 -7.039460539817810059e-01 6.678513437509536743e-02
-6.974376155994832516e-04 2.394442409276962280e-01 -1.568460464477539062e-02 -6.680140644311904907e-02 7.039449214935302734e-01 -7.039434909820556641e-01 6.680285930633544922e-02
-6.970851682126522064e-04 2.394508570432662964e-01 -1.568499207496643066e-02 -6.681045889854431152e-02 7.039434313774108887e-01 -7.039433717727661133e-01 6.681076437234878540e-02
-6.605896633118391037e-04 2.392722070217132568e-01 -1.568496227264404297e-02 -6.691166013479232788e-02 7.039342522621154785e-01 -7.039333581924438477e-01 6.691170483827590942e-02
-5.220340099185705185e-04 2.386608123779296875e-01 -1.568618416786193848e-02 -6.696547567844390869e-02 7.039318084716796875e-01 -7.039259672164916992e-01 6.696140766143798828e-02
-3.808140754699707031e-04 2.378384321928024292e-01 -1.568603515625000000e-02 -6.710875034332275391e-02 7.039136290550231934e-01 -7.039174437522888184e-01 6.709821522235870361e-02
-2.013132034335285425e-04 2.361449897289276123e-01 -1.568496227264404297e-02 -6.790788471698760986e-02 7.038373351097106934e-01 -7.038394212722778320e-01 6.790848821401596069e-02
2.281621098518371582e-03 2.351846992969512939e-01 -1.568487286567687988e-02 -7.279159128665924072e-02 7.033495903015136719e-01 -7.033506631851196289e-01 7.279137521982192993e-02
5.386132281273603439e-03 2.339268773794174194e-01 -1.568526029586791992e-02 -7.653003931045532227e-02 7.029551267623901367e-01 -7.029511928558349609e-01 7.653055340051651001e-02
9.007003158330917358e-03 2.326614707708358765e-01 -1.568627357482910156e-02 -8.127924799919128418e-02 7.024244070053100586e-01 -7.024158239364624023e-01 8.127532899379730225e-02
1.395303476601839066e-02 2.314450591802597046e-01 -1.568487286567687988e-02 -8.494503051042556763e-02 7.019852995872497559e-01 -7.019866704940795898e-01 8.494561910629272461e-02
2.665781415998935699e-02 2.319121211767196655e-01 -1.568448543548583984e-02 -6.072569638490676880e-02 7.044917345046997070e-01 -7.044970989227294922e-01 6.072586029767990112e-02
3.881594166159629822e-02 2.338932752609252930e-01 -1.568475365638732910e-02 -3.689070791006088257e-02 7.061423659324645996e-01 -7.061452269554138184e-01 3.689107671380043030e-02
5.013364553451538086e-02 2.369280308485031128e-01 -1.569178700447082520e-02 -6.480166688561439514e-03 7.071061730384826660e-01 -7.070479989051818848e-01 6.482297554612159729e-03
5.958307534456253052e-02 2.395603209733963013e-01 -1.568573713302612305e-02 -2.085309848189353943e-02 -7.067995071411132812e-01 7.067987322807312012e-01 2.085995487868785858e-02
6.527647376060485840e-02 2.463918328285217285e-01 -1.568493247032165527e-02 -3.004499711096286774e-02 -7.064682841300964355e-01 7.064681649208068848e-01 3.004385903477668762e-02
6.947658956050872803e-02 2.569605708122253418e-01 -1.568552851676940918e-02 -3.265637904405593872e-02 -7.063573002815246582e-01 7.063472270965576172e-01 3.265751153230667114e-02
7.299057394266128540e-02 2.681947946548461914e-01 -1.568564772605895996e-02 -3.308063372969627380e-02 -7.063387632369995117e-01 7.063261866569519043e-01 3.308237716555595398e-02
7.682972401380538940e-02 2.793176174163818359e-01 -1.568523049354553223e-02 -3.283677622675895691e-02 -7.063469290733337402e-01 7.063409090042114258e-01 3.283705189824104309e-02
7.995828986167907715e-02 2.900720536708831787e-01 -1.568508148193359375e-02 -2.641504444181919098e-02 -7.066145539283752441e-01 7.066119909286499023e-01 2.641306072473526001e-02
8.286055177450180054e-02 2.990355491638183594e-01 -1.568511128425598145e-02 -1.302575040608644485e-02 -7.069895863533020020e-01 7.069841623306274414e-01 1.301960274577140808e-02
8.563801646232604980e-02 3.021522760391235352e-01 -1.568627357482910156e-02 -6.084767519496381283e-04 -7.071130871772766113e-01 7.070999741554260254e-01 6.122206686995923519e-04
8.580067008733749390e-02 3.023104369640350342e-01 -1.568344235420227051e-02 0.000000000000000000e+00 7.071340084075927734e-01 -7.070795893669128418e-01 1.678412663750350475e-04
8.580256998538970947e-02 3.023130297660827637e-01 -1.568466424942016602e-02 0.000000000000000000e+00 7.071413397789001465e-01 -7.070721983909606934e-01 1.720001309877261519e-04
8.577646315097808838e-02 3.022957742214202881e-01 -1.568490266799926758e-02 0.000000000000000000e+00 7.071074843406677246e-01 -7.071060538291931152e-01 8.696364966453984380e-05
8.577646315097808838e-02 3.022958040237426758e-01 -1.568493247032165527e-02 0.000000000000000000e+00 7.071074843406677246e-01 -7.071061134338378906e-01 1.225296437041833997e-04
8.577645570039749146e-02 3.022957444190979004e-01 -1.568490266799926758e-02 0.000000000000000000e+00 7.071075439453125000e-01 -7.071060538291931152e-01 1.225239539053291082e-04
8.577645570039749146e-02 3.022958040237426758e-01 -1.568490266799926758e-02 0.000000000000000000e+00 7.071075439453125000e-01 -7.071060538291931152e-01 1.053367668646387756e-05
8.577646315097808838e-02 3.022957444190979004e-01 -1.568493247032165527e-02 0.000000000000000000e+00 7.071075439453125000e-01 -7.071060538291931152e-01 1.225295272888615727e-04
8.577645570039749146e-02 3.022957742214202881e-01 -1.568490266799926758e-02 0.000000000000000000e+00 7.071075439453125000e-01 -7.071059942245483398e-01 1.055254779203096405e-05
8.577646315097808838e-02 3.022957742214202881e-01 -1.568493247032165527e-02 1.491282891947776079e-04 7.071074843406677246e-01 -7.071061134338378906e-01 8.696593431523069739e-05
8.577646315097808838e-02 3.022957742214202881e-01 -1.568490266799926758e-02 0.000000000000000000e+00 7.071075439453125000e-01 -7.071060538291931152e-01 1.225348532898351550e-04
8.577645570039749146e-02 3.022957742214202881e-01 -1.568493247032165527e-02 1.491344009991735220e-04 7.071075439453125000e-01 -7.071060538291931152e-01 8.695547876413911581e-05
8.577646315097808838e-02 3.022957742214202881e-01 -1.568493247032165527e-02 0.000000000000000000e+00 7.071074843406677246e-01 -7.071061134338378906e-01 8.696119766682386398e-05
8.577645570039749146e-02 3.022957742214202881e-01 -1.568490266799926758e-02 0.000000000000000000e+00 7.071075439453125000e-01 -7.071059942245483398e-01 8.696854638401418924e-05
8.577646315097808838e-02 3.022958040237426758e-01 -1.568490266799926758e-02 0.000000000000000000e+00 7.071074843406677246e-01 -7.071061134338378906e-01 1.061431339621776715e-05
8.577646315097808838e-02 3.022958040237426758e-01 -1.568493247032165527e-02 0.000000000000000000e+00 7.071074843406677246e-01 -7.071061134338378906e-01 1.225296437041833997e-04
8.577645570039749146e-02 3.022957444190979004e-01 -1.568490266799926758e-02 0.000000000000000000e+00 7.071075439453125000e-01 -7.071060538291931152e-01 1.225239539053291082e-04
8.577645570039749146e-02 3.022958040237426758e-01 -1.568490266799926758e-02 0.000000000000000000e+00 7.071075439453125000e-01 -7.071060538291931152e-01 1.053367668646387756e-05
8.577646315097808838e-02 3.022957444190979004e-01 -1.568493247032165527e-02 0.000000000000000000e+00 7.071075439453125000e-01 -7.071060538291931152e-01 1.225295272888615727e-04
8.577645570039749146e-02 3.022957742214202881e-01 -1.568490266799926758e-02 0.000000000000000000e+00 7.071075439453125000e-01 -7.071059942245483398e-01 1.055254779203096405e-05
8.577646315097808838e-02 3.022957742214202881e-01 -1.568493247032165527e-02 1.491282891947776079e-04 7.071074843406677246e-01 -7.071061134338378906e-01 8.696593431523069739e-05
8.577646315097808838e-02 3.022957742214202881e-01 -1.568490266799926758e-02 0.000000000000000000e+00 7.071075439453125000e-01 -7.071060538291931152e-01 1.225348532898351550e-04
8.577645570039749146e-02 3.022957742214202881e-01 -1.568493247032165527e-02 1.491344009991735220e-04 7.071075439453125000e-01 -7.071060538291931152e-01 8.695547876413911581e-05
8.577646315097808838e-02 3.022957742214202881e-01 -1.568493247032165527e-02 0.000000000000000000e+00 7.071074843406677246e-01 -7.071061134338378906e-01 8.696119766682386398e-05
8.577645570039749146e-02 3.022957742214202881e-01 -1.568490266799926758e-02 0.000000000000000000e+00 7.071075439453125000e-01 -7.071059942245483398e-01 8.696854638401418924e-05
8.577646315097808838e-02 3.022958040237426758e-01 -1.568490266799926758e-02 0.000000000000000000e+00 7.071074843406677246e-01 -7.071061134338378906e-01 1.061431339621776715e-05
8.577646315097808838e-02 3.022958040237426758e-01 -1.568493247032165527e-02 0.000000000000000000e+00 7.071074843406677246e-01 -7.071061134338378906e-01 1.225296437041833997e-04
8.577645570039749146e-02 3.022957444190979004e-01 -1.568490266799926758e-02 0.000000000000000000e+00 7.071075439453125000e-01 -7.071060538291931152e-01 1.225239539053291082e-04
8.577645570039749146e-02 3.022958040237426758e-01 -1.568490266799926758e-02 0.000000000000000000e+00 7.071075439453125000e-01 -7.071060538291931152e-01 1.053367668646387756e-05
8.577646315097808838e-02 3.022957444190979004e-01 -1.568493247032165527e-02 0.000000000000000000e+00 7.071075439453125000e-01 -7.071060538291931152e-01 1.225295272888615727e-04
8.577645570039749146e-02 3.022957742214202881e-01 -1.568490266799926758e-02 0.000000000000000000e+00 7.071075439453125000e-01 -7.071059942245483398e-01 1.055254779203096405e-05
8.577646315097808838e-02 3.022957742214202881e-01 -1.568493247032165527e-02 1.491282891947776079e-04 7.071074843406677246e-01 -7.071061134338378906e-01 8.696593431523069739e-05
8.577646315097808838e-02 3.022957742214202881e-01 -1.568490266799926758e-02 0.000000000000000000e+00 7.071075439453125000e-01 -7.071060538291931152e-01 1.225348532898351550e-04
8.577645570039749146e-02 3.022957742214202881e-01 -1.568493247032165527e-02 1.491344009991735220e-04 7.071075439453125000e-01 -7.071060538291931152e-01 8.695547876413911581e-05
8.577646315097808838e-02 3.022957742214202881e-01 -1.568493247032165527e-02 0.000000000000000000e+00 7.071074843406677246e-01 -7.071061134338378906e-01 8.696119766682386398e-05
8.577645570039749146e-02 3.022957742214202881e-01 -1.568490266799926758e-02 0.000000000000000000e+00 7.071075439453125000e-01 -7.071059942245483398e-01 8.696854638401418924e-05
8.577646315097808838e-02 3.022958040237426758e-01 -1.568490266799926758e-02 0.000000000000000000e+00 7.071074843406677246e-01 -7.071061134338378906e-01 1.061431339621776715e-05
8.577646315097808838e-02 3.022958040237426758e-01 -1.568493247032165527e-02 0.000000000000000000e+00 7.071074843406677246e-01 -7.071061134338378906e-01 1.225296437041833997e-04
8.577645570039749146e-02 3.022957444190979004e-01 -1.568490266799926758e-02 0.000000000000000000e+00 7.071075439453125000e-01 -7.071060538291931152e-01 1.225239539053291082e-04
8.577645570039749146e-02 3.022957742214202881e-01 -1.568490266799926758e-02 0.000000000000000000e+00 7.071075439453125000e-01 -7.071059942245483398e-01 1.055254779203096405e-05
8.577646315097808838e-02 3.022957742214202881e-01 -1.568493247032165527e-02 1.491282891947776079e-04 7.071074843406677246e-01 -7.071061134338378906e-01 8.696593431523069739e-05
8.577646315097808838e-02 3.022957742214202881e-01 -1.568490266799926758e-02 0.000000000000000000e+00 7.071075439453125000e-01 -7.071060538291931152e-01 1.225348532898351550e-04
8.577645570039749146e-02 3.022957742214202881e-01 -1.568493247032165527e-02 1.491344009991735220e-04 7.071075439453125000e-01 -7.071060538291931152e-01 8.695547876413911581e-05
8.577646315097808838e-02 3.022957742214202881e-01 -1.568493247032165527e-02 0.000000000000000000e+00 7.071074843406677246e-01 -7.071061134338378906e-01 8.696119766682386398e-05
8.577645570039749146e-02 3.022957742214202881e-01 -1.568490266799926758e-02 0.000000000000000000e+00 7.071075439453125000e-01 -7.071059942245483398e-01 8.696854638401418924e-05
8.577646315097808838e-02 3.022958040237426758e-01 -1.568490266799926758e-02 0.000000000000000000e+00 7.071074843406677246e-01 -7.071061134338378906e-01 1.061431339621776715e-05
8.577646315097808838e-02 3.022958040237426758e-01 -1.568493247032165527e-02 0.000000000000000000e+00 7.071074843406677246e-01 -7.071061134338378906e-01 1.225296437041833997e-04
8.577645570039749146e-02 3.022957444190979004e-01 -1.568490266799926758e-02 0.000000000000000000e+00 7.071075439453125000e-01 -7.071060538291931152e-01 1.225239539053291082e-04
8.577645570039749146e-02 3.022958040237426758e-01 -1.568490266799926758e-02 0.000000000000000000e+00 7.071075439453125000e-01 -7.071060538291931152e-01 1.053367668646387756e-05
8.577646315097808838e-02 3.022957444190979004e-01 -1.568493247032165527e-02 0.000000000000000000e+00 7.071075439453125000e-01 -7.071060538291931152e-01 1.225295272888615727e-04
8.577645570039749146e-02 3.022957742214202881e-01 -1.568490266799926758e-02 0.000000000000000000e+00 7.071075439453125000e-01 -7.071059942245483398e-01 1.055254779203096405e-05
8.577646315097808838e-02 3.022957742214202881e-01 -1.568493247032165527e-02 1.491282891947776079e-04 7.071074843406677246e-01 -7.071061134338378906e-01 8.696593431523069739e-05
8.577646315097808838e-02 3.022957742214202881e-01 -1.568490266799926758e-02 0.000000000000000000e+00 7.071075439453125000e-01 -7.071060538291931152e-01 1.225348532898351550e-04
8.577645570039749146e-02 3.022957742214202881e-01 -1.568493247032165527e-02 1.491344009991735220e-04 7.071075439453125000e-01 -7.071060538291931152e-01 8.695547876413911581e-05
8.577646315097808838e-02 3.022957742214202881e-01 -1.568493247032165527e-02 0.000000000000000000e+00 7.071074843406677246e-01 -7.071061134338378906e-01 8.696119766682386398e-05
8.577645570039749146e-02 3.022957742214202881e-01 -1.568490266799926758e-02 0.000000000000000000e+00 7.071075439453125000e-01 -7.071059942245483398e-01 8.696854638401418924e-05
8.577646315097808838e-02 3.022958040237426758e-01 -1.568490266799926758e-02 0.000000000000000000e+00 7.071074843406677246e-01 -7.071061134338378906e-01 1.061431339621776715e-05
8.577646315097808838e-02 3.022958040237426758e-01 -1.568493247032165527e-02 0.000000000000000000e+00 7.071074843406677246e-01 -7.071061134338378906e-01 1.225296437041833997e-04
8.577645570039749146e-02 3.022957444190979004e-01 -1.568490266799926758e-02 0.000000000000000000e+00 7.071075439453125000e-01 -7.071060538291931152e-01 1.225239539053291082e-04
8.577645570039749146e-02 3.022958040237426758e-01 -1.568490266799926758e-02 0.000000000000000000e+00 7.071075439453125000e-01 -7.071060538291931152e-01 1.053367668646387756e-05
8.577646315097808838e-02 3.022957444190979004e-01 -1.568493247032165527e-02 0.000000000000000000e+00 7.071075439453125000e-01 -7.071060538291931152e-01 1.225295272888615727e-04
8.577645570039749146e-02 3.022957742214202881e-01 -1.568490266799926758e-02 0.000000000000000000e+00 7.071075439453125000e-01 -7.071059942245483398e-01 1.055254779203096405e-05
8.577646315097808838e-02 3.022957742214202881e-01 -1.568493247032165527e-02 0.000000000000000000e+00 7.071074843406677246e-01 -7.071061134338378906e-01 8.696119766682386398e-05
8.577645570039749146e-02 3.022957742214202881e-01 -1.568490266799926758e-02 0.000000000000000000e+00 7.071075439453125000e-01 -7.071059942245483398e-01 8.696854638401418924e-05
8.577646315097808838e-02 3.022958040237426758e-01 -1.568490266799926758e-02 0.000000000000000000e+00 7.071074843406677246e-01 -7.071061134338378906e-01 1.061431339621776715e-05
8.577646315097808838e-02 3.022958040237426758e-01 -1.568493247032165527e-02 0.000000000000000000e+00 7.071074843406677246e-01 -7.071061134338378906e-01 1.225296437041833997e-04
8.577645570039749146e-02 3.022957444190979004e-01 -1.568490266799926758e-02 0.000000000000000000e+00 7.071075439453125000e-01 -7.071060538291931152e-01 1.225239539053291082e-04
8.577645570039749146e-02 3.022958040237426758e-01 -1.568490266799926758e-02 0.000000000000000000e+00 7.071075439453125000e-01 -7.071060538291931152e-01 1.053367668646387756e-05
8.577646315097808838e-02 3.022957444190979004e-01 -1.568493247032165527e-02 0.000000000000000000e+00 7.071075439453125000e-01 -7.071060538291931152e-01 1.225295272888615727e-04
8.577645570039749146e-02 3.022957742214202881e-01 -1.568490266799926758e-02 0.000000000000000000e+00 7.071075439453125000e-01 -7.071059942245483398e-01 1.055254779203096405e-05
8.577646315097808838e-02 3.022957742214202881e-01 -1.568493247032165527e-02 1.491282891947776079e-04 7.071074843406677246e-01 -7.071061134338378906e-01 8.696593431523069739e-05
8.577646315097808838e-02 3.022957742214202881e-01 -1.568490266799926758e-02 0.000000000000000000e+00 7.071075439453125000e-01 -7.071060538291931152e-01 1.225348532898351550e-04
8.577645570039749146e-02 3.022957742214202881e-01 -1.568493247032165527e-02 1.491344009991735220e-04 7.071075439453125000e-01 -7.071060538291931152e-01 8.695547876413911581e-05
8.577646315097808838e-02 3.022957742214202881e-01 -1.568493247032165527e-02 0.000000000000000000e+00 7.071074843406677246e-01 -7.071061134338378906e-01 8.696119766682386398e-05
8.577645570039749146e-02 3.022957742214202881e-01 -1.568490266799926758e-02 0.000000000000000000e+00 7.071075439453125000e-01 -7.071059942245483398e-01 8.696854638401418924e-05
8.577646315097808838e-02 3.022958040237426758e-01 -1.568490266799926758e-02 0.000000000000000000e+00 7.071074843406677246e-01 -7.071061134338378906e-01 1.061431339621776715e-05
8.577646315097808838e-02 3.022958040237426758e-01 -1.568493247032165527e-02 0.000000000000000000e+00 7.071074843406677246e-01 -7.071061134338378906e-01 1.225296437041833997e-04
8.577645570039749146e-02 3.022957444190979004e-01 -1.568490266799926758e-02 0.000000000000000000e+00 7.071075439453125000e-01 -7.071060538291931152e-01 1.225239539053291082e-04
8.577645570039749146e-02 3.022958040237426758e-01 -1.568490266799926758e-02 0.000000000000000000e+00 7.071075439453125000e-01 -7.071060538291931152e-01 1.053367668646387756e-05
