-1.235922053456306458e-01 6.931750476360321045e-02 -1.499998569488525391e-02 5.627030879259109497e-02 -7.048662304878234863e-01 5.627004429697990417e-02 7.048623561859130859e-01
-1.235922053456306458e-01 6.931750476360321045e-02 -1.499998569488525391e-02 5.627030879259109497e-02 -7.048662304878234863e-01 5.627004429697990417e-02 7.048623561859130859e-01
-1.235922053456306458e-01 6.931750476360321045e-02 -1.499998569488525391e-02 5.627030879259109497e-02 -7.048662304878234863e-01 5.627004429697990417e-02 7.048623561859130859e-01
-1.235922053456306458e-01 6.931750476360321045e-02 -1.499998569488525391e-02 5.627030879259109497e-02 -7.048662304878234863e-01 5.627004429697990417e-02 7.048623561859130859e-01
-1.235922053456306458e-01 6.931750476360321045e-02 -1.499998569488525391e-02 5.627030879259109497e-02 -7.048662304878234863e-01 5.627004429697990417e-02 7.048623561859130859e-01
-1.235922053456306458e-01 6.931750476360321045e-02 -1.499998569488525391e-02 5.627030879259109497e-02 -7.048662304878234863e-01 5.627004429697990417e-02 7.048623561859130859e-01
-1.235922053456306458e-01 6.931750476360321045e-02 -1.499998569488525391e-02 5.627030879259109497e-02 -7.048662304878234863e-01 5.627004429697990417e-02 7.048623561859130859e-01
-1.235922053456306458e-01 6.931750476360321045e-02 -1.499998569488525391e-02 5.627030879259109497e-02 -7.048662304878234863e-01 5.627004429697990417e-02 7.048623561859130859e-01
-1.235922053456306458e-01 6.931750476360321045e-02 -1.499998569488525391e-02 5.627030879259109497e-02 -7.048662304878234863e-01 5.627004429697990417e-02 7.048623561859130859e-01
-1.235922053456306458e-01 6.931750476360321045e-02 -1.499998569488525391e-02 5.627030879259109497e-02 -7.048662304878234863e-01 5.627004429697990417e-02 7.048623561859130859e-01
-1.235921978950500488e-01 6.931751221418380737e-02 -1.499995589256286621e-02 5.627057328820228577e-02 -7.048665285110473633e-01 5.627017840743064880e-02 7.048619985580444336e-01
-1.235922053456306458e-01 6.931750476360321045e-02 -1.499998569488525391e-02 5.627030879259109497e-02 -7.048662304878234863e-01 5.627004429697990417e-02 7.048623561859130859e-01
-1.235922053456306458e-01 6.931750476360321045e-02 -1.499998569488525391e-02 5.627017840743064880e-02 -7.048662304878234863e-01 5.627017840743064880e-02 7.048623561859130859e-01
-1.235922053456306458e-01 6.931750476360321045e-02 -1.499998569488525391e-02 5.627017840743064880e-02 -7.048661708831787109e-01 5.627030879259109497e-02 7.048624157905578613e-01
-1.235922053456306458e-01 6.931750476360321045e-02 -1.499998569488525391e-02 5.627017840743064880e-02 -7.048661708831787109e-01 5.627030879259109497e-02 7.048624157905578613e-01
-1.235922053456306458e-01 6.931750476360321045e-02 -1.499998569488525391e-02 5.627017840743064880e-02 -7.048661708831787109e-01 5.627030879259109497e-02 7.048624157905578613e-01
-1.235922053456306458e-01 6.931750476360321045e-02 -1.499998569488525391e-02 5.627017840743064880e-02 -7.048661708831787109e-01 5.627030879259109497e-02 7.048624157905578613e-01
-1.235922053456306458e-01 6.931750476360321045e-02 -1.499998569488525391e-02 5.627017840743064880e-02 -7.048661708831787109e-01 5.627030879259109497e-02 7.048624157905578613e-01
-1.235922053456306458e-01 6.931750476360321045e-02 -1.499998569488525391e-02 5.627017840743064880e-02 -7.048661708831787109e-01 5.627030879259109497e-02 7.048624157905578613e-01
-1.235922053456306458e-01 6.931750476360321045e-02 -1.499998569488525391e-02 5.627017840743064880e-02 -7.048661708831787109e-01 5.627030879259109497e-02 7.048624157905578613e-01
-1.235922053456306458e-01 6.931750476360321045e-02 -1.499998569488525391e-02 5.627017840743064880e-02 -7.048661708831787109e-01 5.627030879259109497e-02 7.048624157905578613e-01
-1.235922053456306458e-01 6.931750476360321045e-02 -1.499998569488525391e-02 5.627017840743064880e-02 -7.048661708831787109e-01 5.627030879259109497e-02 7.048624157905578613e-01
-1.235922053456306458e-01 6.931750476360321045e-02 -1.499998569488525391e-02 5.627017840743064880e-02 -7.048661708831787109e-01 5.627030879259109497e-02 7.048624157905578613e-01
-1.235922053456306458e-01 6.931750476360321045e-02 -1.499998569488525391e-02 5.627017840743064880e-02 -7.048661708831787109e-01 5.627030879259109497e-02 7.048624157905578613e-01
-1.235922053456306458e-01 6.931750476360321045e-02 -1.499998569488525391e-02 5.627017840743064880e-02 -7.048661708831787109e-01 5.627030879259109497e-02 7.048624157905578613e-01
-1.235922053456306458e-01 6.931750476360321045e-02 -1.499998569488525391e-02 5.627017840743064880e-02 -7.048661708831787109e-01 5.627030879259109497e-02 7.048624157905578613e-01
-1.235922053456306458e-01 6.931750476360321045e-02 -1.499998569488525391e-02 5.627017840743064880e-02 -7.048661708831787109e-01 5.627030879259109497e-02 7.048624157905578613e-01
-1.235922053456306458e-01 6.931750476360321045e-02 -1.499998569488525391e-02 5.627017840743064880e-02 -7.048661708831787109e-01 5.627030879259109497e-02 7.048624157905578613e-01
-1.235922053456306458e-01 6.931750476360321045e-02 -1.499998569488525391e-02 5.627017840743064880e-02 -7.048661708831787109e-01 5.627030879259109497e-02 7.048624157905578613e-01
-1.235922053456306458e-01 6.931750476360321045e-02 -1.499998569488525391e-02 5.627017840743064880e-02 -7.048661708831787109e-01 5.627030879259109497e-02 7.048624157905578613e-01
-1.235922053456306458e-01 6.931750476360321045e-02 -1.499998569488525391e-02 5.627017840743064880e-02 -7.048661708831787109e-01 5.627030879259109497e-02 7.048624157905578613e-01
-1.235922053456306458e-01 6.931750476360321045e-02 -1.499998569488525391e-02 5.627017840743064880e-02 -7.048661708831787109e-01 5.627030879259109497e-02 7.048624157905578613e-01
-1.235922053456306458e-01 6.931750476360321045e-02 -1.499998569488525391e-02 5.627017840743064880e-02 -7.048661708831787109e-01 5.627030879259109497e-02 7.048624157905578613e-01
-1.235922053456306458e-01 6.931750476360321045e-02 -1.499998569488525391e-02 5.627017840743064880e-02 -7.048661708831787109e-01 5.627030879259109497e-02 7.048624157905578613e-01
-1.235922053456306458e-01 6.931750476360321045e-02 -1.499998569488525391e-02 5.627017840743064880e-02 -7.048661708831787109e-01 5.627030879259109497e-02 7.048624157905578613e-01
-1.235922053456306458e-01 6.931750476360321045e-02 -1.499998569488525391e-02 5.627017840743064880e-02 -7.048661708831787109e-01 5.627030879259109497e-02 7.048624157905578613e-01
-1.235922053456306458e-01 6.931750476360321045e-02 -1.499998569488525391e-02 5.627017840743064880e-02 -7.048661708831787109e-01 5.627030879259109497e-02 7.048624157905578613e-01
-1.235922053456306458e-01 6.931750476360321045e-02 -1.499998569488525391e-02 5.627017840743064880e-02 -7.048661708831787109e-01 5.627030879259109497e-02 7.048624157905578613e-01
-1.235922053456306458e-01 6.931750476360321045e-02 -1.499998569488525391e-02 5.627017840743064880e-02 -7.048661708831787109e-01 5.627030879259109497e-02 7.048624157905578613e-01
-1.235922053456306458e-01 6.931750476360321045e-02 -1.499998569488525391e-02 5.627017840743064880e-02 -7.048661708831787109e-01 5.627030879259109497e-02 7.048624157905578613e-01
-1.235922053456306458e-01 6.931750476360321045e-02 -1.499998569488525391e-02 5.627017840743064880e-02 -7.048661708831787109e-01 5.627030879259109497e-02 7.048624157905578613e-01
-1.235922053456306458e-01 6.931750476360321045e-02 -1.499998569488525391e-02 5.627017840743064880e-02 -7.048661708831787109e-01 5.627030879259109497e-02 7.048624157905578613e-01
-1.235922053456306458e-01 6.931750476360321045e-02 -1.499998569488525391e-02 5.627017840743064880e-02 -7.048661708831787109e-01 5.627030879259109497e-02 7.048624157905578613e-01
-1.235922053456306458e-01 6.931750476360321045e-02 -1.499998569488525391e-02 5.627017840743064880e-02 -7.048661708831787109e-01 5.627030879259109497e-02 7.048624157905578613e-01
-1.235922053456306458e-01 6.931750476360321045e-02 -1.499998569488525391e-02 5.627017840743064880e-02 -7.048661708831787109e-01 5.627030879259109497e-02 7.048624157905578613e-01
-1.235922053456306458e-01 6.931750476360321045e-02 -1.499998569488525391e-02 5.627017840743064880e-02 -7.048661708831787109e-01 5.627030879259109497e-02 7.048624157905578613e-01
-1.235922053456306458e-01 6.931750476360321045e-02 -1.499998569488525391e-02 5.627017840743064880e-02 -7.048661708831787109e-01 5.627030879259109497e-02 7.048624157905578613e-01
-1.235922053456306458e-01 6.931750476360321045e-02 -1.499998569488525391e-02 5.627017840743064880e-02 -7.048661708831787109e-01 5.627030879259109497e-02 7.048624157905578613e-01
-1.235922053456306458e-01 6.931750476360321045e-02 -1.499998569488525391e-02 5.627017840743064880e-02 -7.048661708831787109e-01 5.627030879259109497e-02 7.048624157905578613e-01
-1.235922053456306458e-01 6.931750476360321045e-02 -1.499998569488525391e-02 5.627017840743064880e-02 -7.048661708831787109e-01 5.627030879259109497e-02 7.048624157905578613e-01
-1.235922053456306458e-01 6.931750476360321045e-02 -1.499998569488525391e-02 5.627017840743064880e-02 -7.048661708831787109e-01 5.627030879259109497e-02 7.048624157905578613e-01
-1.235922053456306458e-01 6.931750476360321045e-02 -1.499998569488525391e-02 5.627017840743064880e-02 -7.048661708831787109e-01 5.627030879259109497e-02 7.048624157905578613e-01
-1.235922053456306458e-01 6.931750476360321045e-02 -1.499998569488525391e-02 5.627017840743064880e-02 -7.048661708831787109e-01 5.627030879259109497e-02 7.048624157905578613e-01
-1.235922053456306458e-01 6.931750476360321045e-02 -1.499998569488525391e-02 5.627017840743064880e-02 -7.048661708831787109e-01 5.627030879259109497e-02 7.048624157905578613e-01
-1.235922053456306458e-01 6.931750476360321045e-02 -1.499998569488525391e-02 5.627017840743064880e-02 -7.048661708831787109e-01 5.627030879259109497e-02 7.048624157905578613e-01
-1.235922053456306458e-01 6.931750476360321045e-02 -1.499998569488525391e-02 5.627017840743064880e-02 -7.048661708831787109e-01 5.627030879259109497e-02 7.048624157905578613e-01
-1.235922053456306458e-01 6.931750476360321045e-02 -1.499998569488525391e-02 5.627017840743064880e-02 -7.048661708831787109e-01 5.627030879259109497e-02 7.048624157905578613e-01
-1.235922053456306458e-01 6.931750476360321045e-02 -1.499998569488525391e-02 5.627017840743064880e-02 -7.048661708831787109e-01 5.627030879259109497e-02 7.048624157905578613e-01
-1.235922053456306458e-01 6.931750476360321045e-02 -1.499998569488525391e-02 5.627017840743064880e-02 -7.048661708831787109e-01 5.627030879259109497e-02 7.048624157905578613e-01
-1.235922053456306458e-01 6.931750476360321045e-02 -1.499998569488525391e-02 5.627017840743064880e-02 -7.048661708831787109e-01 5.627030879259109497e-02 7.048624157905578613e-01
-1.235922053456306458e-01 6.931750476360321045e-02 -1.499998569488525391e-02 5.627017840743064880e-02 -7.048661708831787109e-01 5.627030879259109497e-02 7.048624157905578613e-01
-1.235922053456306458e-01 6.931750476360321045e-02 -1.499998569488525391e-02 5.627017840743064880e-02 -7.048661708831787109e-01 5.627030879259109497e-02 7.048624157905578613e-01
-1.235922053456306458e-01 6.931750476360321045e-02 -1.499998569488525391e-02 5.627017840743064880e-02 -7.048661708831787109e-01 5.627030879259109497e-02 7.048624157905578613e-01
-1.235922053456306458e-01 6.931750476360321045e-02 -1.499998569488525391e-02 5.627017840743064880e-02 -7.048661708831787109e-01 5.627030879259109497e-02 7.048624157905578613e-01
-1.235922053456306458e-01 6.931750476360321045e-02 -1.499998569488525391e-02 5.627017840743064880e-02 -7.048661708831787109e-01 5.627030879259109497e-02 7.048624157905578613e-01
-1.235922053456306458e-01 6.931750476360321045e-02 -1.499998569488525391e-02 5.627017840743064880e-02 -7.048661708831787109e-01 5.627030879259109497e-02 7.048624157905578613e-01
-1.235922053456306458e-01 6.931750476360321045e-02 -1.499998569488525391e-02 5.627017840743064880e-02 -7.048661708831787109e-01 5.627030879259109497e-02 7.048624157905578613e-01
-1.235922053456306458e-01 6.931750476360321045e-02 -1.499998569488525391e-02 5.627017840743064880e-02 -7.048661708831787109e-01 5.627030879259109497e-02 7.048624157905578613e-01
-1.235922053456306458e-01 6.931750476360321045e-02 -1.499998569488525391e-02 5.627017840743064880e-02 -7.048661708831787109e-01 5.627030879259109497e-02 7.048624157905578613e-01
-1.235922053456306458e-01 6.931750476360321045e-02 -1.499998569488525391e-02 5.627017840743064880e-02 -7.048661708831787109e-01 5.627030879259109497e-02 7.048624157905578613e-01
-1.235922053456306458e-01 6.931750476360321045e-02 -1.499998569488525391e-02 5.627017840743064880e-02 -7.048661708831787109e-01 5.627030879259109497e-02 7.048624157905578613e-01
-1.235922053456306458e-01 6.931750476360321045e-02 -1.499998569488525391e-02 5.627017840743064880e-02 -7.048661708831787109e-01 5.627030879259109497e-02 7.048624157905578613e-01
-1.235922053456306458e-01 6.931750476360321045e-02 -1.499998569488525391e-02 5.627017840743064880e-02 -7.048661708831787109e-01 5.627030879259109497e-02 7.048624157905578613e-01
-1.235922053456306458e-01 6.931750476360321045e-02 -1.499998569488525391e-02 5.627017840743064880e-02 -7.048661708831787109e-01 5.627030879259109497e-02 7.048624157905578613e-01
-1.235922053456306458e-01 6.931750476360321045e-02 -1.499998569488525391e-02 5.627017840743064880e-02 -7.048661708831787109e-01 5.627030879259109497e-02 7.048624157905578613e-01
-1.235922053456306458e-01 6.931750476360321045e-02 -1.499998569488525391e-02 5.627017840743064880e-02 -7.048661708831787109e-01 5.627030879259109497e-02 7.048624157905578613e-01
-1.235922053456306458e-01 6.931750476360321045e-02 -1.499998569488525391e-02 5.627017840743064880e-02 -7.048661708831787109e-01 5.627030879259109497e-02 7.048624157905578613e-01
-1.235922053456306458e-01 6.931750476360321045e-02 -1.499998569488525391e-02 5.627017840743064880e-02 -7.048661708831787109e-01 5.627030879259109497e-02 7.048624157905578613e-01
-1.235922053456306458e-01 6.931750476360321045e-02 -1.499998569488525391e-02 5.627017840743064880e-02 -7.048661708831787109e-01 5.627030879259109497e-02 7.048624157905578613e-01
-1.235922053456306458e-01 6.931750476360321045e-02 -1.499998569488525391e-02 5.627017840743064880e-02 -7.048661708831787109e-01 5.627030879259109497e-02 7.048624157905578613e-01
-1.235922053456306458e-01 6.931750476360321045e-02 -1.499998569488525391e-02 5.627017840743064880e-02 -7.048661708831787109e-01 5.627030879259109497e-02 7.048624157905578613e-01
-1.235922053456306458e-01 6.931750476360321045e-02 -1.499998569488525391e-02 5.627017840743064880e-02 -7.048661708831787109e-01 5.627030879259109497e-02 7.048624157905578613e-01
-1.235922053456306458e-01 6.931750476360321045e-02 -1.499998569488525391e-02 5.627017840743064880e-02 -7.048661708831787109e-01 5.627030879259109497e-02 7.048624157905578613e-01
-1.235922053456306458e-01 6.931750476360321045e-02 -1.499998569488525391e-02 5.627017840743064880e-02 -7.048661708831787109e-01 5.627030879259109497e-02 7.048624157905578613e-01
-1.235922053456306458e-01 6.931750476360321045e-02 -1.499998569488525391e-02 5.627017840743064880e-02 -7.048661708831787109e-01 5.627030879259109497e-02 7.048624157905578613e-01
-1.235922053456306458e-01 6.931750476360321045e-02 -1.499998569488525391e-02 5.627017840743064880e-02 -7.048661708831787109e-01 5.627030879259109497e-02 7.048624157905578613e-01
-1.235922053456306458e-01 6.931750476360321045e-02 -1.499998569488525391e-02 5.627017840743064880e-02 -7.048661708831787109e-01 5.627030879259109497e-02 7.048624157905578613e-01
-1.235922053456306458e-01 6.931750476360321045e-02 -1.499998569488525391e-02 5.627017840743064880e-02 -7.048661708831787109e-01 5.627030879259109497e-02 7.048624157905578613e-01
-1.235922053456306458e-01 6.931750476360321045e-02 -1.499998569488525391e-02 5.627017840743064880e-02 -7.048661708831787109e-01 5.627030879259109497e-02 7.048624157905578613e-01
-1.235922053456306458e-01 6.931750476360321045e-02 -1.499998569488525391e-02 5.627017840743064880e-02 -7.048661708831787109e-01 5.627030879259109497e-02 7.048624157905578613e-01
-1.235922053456306458e-01 6.931750476360321045e-02 -1.499998569488525391e-02 5.627017840743064880e-02 -7.048661708831787109e-01 5.627030879259109497e-02 7.048624157905578613e-01
-1.235922053456306458e-01 6.931750476360321045e-02 -1.499998569488525391e-02 5.627017840743064880e-02 -7.048661708831787109e-01 5.627030879259109497e-02 7.048624157905578613e-01
-1.235922053456306458e-01 6.931750476360321045e-02 -1.499998569488525391e-02 5.627017840743064880e-02 -7.048661708831787109e-01 5.627030879259109497e-02 7.048624157905578613e-01
-1.235922053456306458e-01 6.931750476360321045e-02 -1.499998569488525391e-02 5.627017840743064880e-02 -7.048661708831787109e-01 5.627030879259109497e-02 7.048624157905578613e-01
-1.235922053456306458e-01 6.931750476360321045e-02 -1.499998569488525391e-02 5.627017840743064880e-02 -7.048661708831787109e-01 5.627030879259109497e-02 7.048624157905578613e-01
-1.235922053456306458e-01 6.931750476360321045e-02 -1.499998569488525391e-02 5.627017840743064880e-02 -7.048661708831787109e-01 5.627030879259109497e-02 7.048624157905578613e-01
-1.235922053456306458e-01 6.931750476360321045e-02 -1.499998569488525391e-02 5.627017840743064880e-02 -7.048661708831787109e-01 5.627030879259109497e-02 7.048624157905578613e-01
-1.235922053456306458e-01 6.931750476360321045e-02 -1.499998569488525391e-02 5.627017840743064880e-02 -7.048661708831787109e-01 5.627030879259109497e-02 7.048624157905578613e-01
-1.235922053456306458e-01 6.931750476360321045e-02 -1.499998569488525391e-02 5.627017840743064880e-02 -7.048661708831787109e-01 5.627030879259109497e-02 7.048624157905578613e-01
-1.235922053456306458e-01 6.931750476360321045e-02 -1.499998569488525391e-02 5.627017840743064880e-02 -7.048661708831787109e-01 5.627030879259109497e-02 7.048624157905578613e-01
-1.235922053456306458e-01 6.931750476360321045e-02 -1.499998569488525391e-02 5.627017840743064880e-02 -7.048661708831787109e-01 5.627030879259109497e-02 7.048624157905578613e-01
-1.235922053456306458e-01 6.931750476360321045e-02 -1.499998569488525391e-02 5.627017840743064880e-02 -7.048661708831787109e-01 5.627030879259109497e-02 7.048624157905578613e-01
-1.235922053456306458e-01 6.931750476360321045e-02 -1.499998569488525391e-02 5.627017840743064880e-02 -7.048661708831787109e-01 5.627030879259109497e-02 7.048624157905578613e-01
-1.235922053456306458e-01 6.931750476360321045e-02 -1.499998569488525391e-02 5.627017840743064880e-02 -7.048661708831787109e-01 5.627030879259109497e-02 7.048624157905578613e-01
-1.235922053456306458e-01 6.931750476360321045e-02 -1.499998569488525391e-02 5.627017840743064880e-02 -7.048661708831787109e-01 5.627030879259109497e-02 7.048624157905578613e-01
-1.235922053456306458e-01 6.931750476360321045e-02 -1.499998569488525391e-02 5.627017840743064880e-02 -7.048661708831787109e-01 5.627030879259109497e-02 7.048624157905578613e-01
-1.235922053456306458e-01 6.931750476360321045e-02 -1.499998569488525391e-02 5.627017840743064880e-02 -7.048661708831787109e-01 5.627030879259109497e-02 7.048624157905578613e-01
-1.235922053456306458e-01 6.931750476360321045e-02 -1.499998569488525391e-02 5.627017840743064880e-02 -7.048661708831787109e-01 5.627030879259109497e-02 7.048624157905578613e-01
-1.235922053456306458e-01 6.931750476360321045e-02 -1.499998569488525391e-02 5.627017840743064880e-02 -7.048661708831787109e-01 5.627030879259109497e-02 7.048624157905578613e-01
-1.235922053456306458e-01 6.931750476360321045e-02 -1.499998569488525391e-02 5.627017840743064880e-02 -7.048661708831787109e-01 5.627030879259109497e-02 7.048624157905578613e-01
-1.235922053456306458e-01 6.931750476360321045e-02 -1.499998569488525391e-02 5.627017840743064880e-02 -7.048661708831787109e-01 5.627030879259109497e-02 7.048624157905578613e-01
-1.235922053456306458e-01 6.931750476360321045e-02 -1.499998569488525391e-02 5.627017840743064880e-02 -7.048661708831787109e-01 5.627030879259109497e-02 7.048624157905578613e-01
-1.235922053456306458e-01 6.931750476360321045e-02 -1.499998569488525391e-02 5.627017840743064880e-02 -7.048661708831787109e-01 5.627030879259109497e-02 7.048624157905578613e-01
-1.235922053456306458e-01 6.931750476360321045e-02 -1.499998569488525391e-02 5.627017840743064880e-02 -7.048661708831787109e-01 5.627030879259109497e-02 7.048624157905578613e-01
-1.235922053456306458e-01 6.931750476360321045e-02 -1.499998569488525391e-02 5.627017840743064880e-02 -7.048661708831787109e-01 5.627030879259109497e-02 7.048624157905578613e-01
-1.235922053456306458e-01 6.931750476360321045e-02 -1.499998569488525391e-02 5.627017840743064880e-02 -7.048661708831787109e-01 5.627030879259109497e-02 7.048624157905578613e-01
-1.235922053456306458e-01 6.931750476360321045e-02 -1.499998569488525391e-02 5.627017840743064880e-02 -7.048661708831787109e-01 5.627030879259109497e-02 7.048624157905578613e-01
-1.235922053456306458e-01 6.931750476360321045e-02 -1.499998569488525391e-02 5.627017840743064880e-02 -7.048661708831787109e-01 5.627030879259109497e-02 7.048624157905578613e-01
-1.235922053456306458e-01 6.931750476360321045e-02 -1.499998569488525391e-02 5.627017840743064880e-02 -7.048661708831787109e-01 5.627030879259109497e-02 7.048624157905578613e-01
-1.235922053456306458e-01 6.931750476360321045e-02 -1.499998569488525391e-02 5.627017840743064880e-02 -7.048661708831787109e-01 5.627030879259109497e-02 7.048624157905578613e-01
-1.235922053456306458e-01 6.931750476360321045e-02 -1.499998569488525391e-02 5.627017840743064880e-02 -7.048661708831787109e-01 5.627030879259109497e-02 7.048624157905578613e-01
-1.235922053456306458e-01 6.931750476360321045e-02 -1.499998569488525391e-02 5.627017840743064880e-02 -7.048661708831787109e-01 5.627030879259109497e-02 7.048624157905578613e-01
-1.235922053456306458e-01 6.931750476360321045e-02 -1.499998569488525391e-02 5.627017840743064880e-02 -7.048661708831787109e-01 5.627030879259109497e-02 7.048624157905578613e-01
-1.235922053456306458e-01 6.931750476360321045e-02 -1.499998569488525391e-02 5.627017840743064880e-02 -7.048661708831787109e-01 5.627030879259109497e-02 7.048624157905578613e-01
-1.235922053456306458e-01 6.931750476360321045e-02 -1.499998569488525391e-02 5.627017840743064880e-02 -7.048661708831787109e-01 5.627030879259109497e-02 7.048624157905578613e-01
-1.235922053456306458e-01 6.931750476360321045e-02 -1.499998569488525391e-02 5.627017840743064880e-02 -7.048661708831787109e-01 5.627030879259109497e-02 7.048624157905578613e-01
-1.235922053456306458e-01 6.931750476360321045e-02 -1.499998569488525391e-02 5.627017840743064880e-02 -7.048661708831787109e-01 5.627030879259109497e-02 7.048624157905578613e-01
-1.235922053456306458e-01 6.931750476360321045e-02 -1.499998569488525391e-02 5.627017840743064880e-02 -7.048661708831787109e-01 5.627030879259109497e-02 7.048624157905578613e-01
-1.235922053456306458e-01 6.931750476360321045e-02 -1.499998569488525391e-02 5.627017840743064880e-02 -7.048661708831787109e-01 5.627030879259109497e-02 7.048624157905578613e-01
-1.235922053456306458e-01 6.931750476360321045e-02 -1.499998569488525391e-02 5.627017840743064880e-02 -7.048661708831787109e-01 5.627030879259109497e-02 7.048624157905578613e-01
-1.235922053456306458e-01 6.931750476360321045e-02 -1.499998569488525391e-02 5.627017840743064880e-02 -7.048661708831787109e-01 5.627030879259109497e-02 7.048624157905578613e-01
-1.235922053456306458e-01 6.931750476360321045e-02 -1.499998569488525391e-02 5.627017840743064880e-02 -7.048661708831787109e-01 5.627030879259109497e-02 7.048624157905578613e-01
-1.235922053456306458e-01 6.931750476360321045e-02 -1.499998569488525391e-02 5.627017840743064880e-02 -7.048661708831787109e-01 5.627030879259109497e-02 7.048624157905578613e-01
-1.235922053456306458e-01 6.931750476360321045e-02 -1.499998569488525391e-02 5.627017840743064880e-02 -7.048661708831787109e-01 5.627030879259109497e-02 7.048624157905578613e-01
-1.235922053456306458e-01 6.931750476360321045e-02 -1.499998569488525391e-02 5.627017840743064880e-02 -7.048661708831787109e-01 5.627030879259109497e-02 7.048624157905578613e-01
-1.235922053456306458e-01 6.931750476360321045e-02 -1.499998569488525391e-02 5.627017840743064880e-02 -7.048661708831787109e-01 5.627030879259109497e-02 7.048624157905578613e-01
-1.235922053456306458e-01 6.931750476360321045e-02 -1.499998569488525391e-02 5.627017840743064880e-02 -7.048661708831787109e-01 5.627030879259109497e-02 7.048624157905578613e-01
-1.235922053456306458e-01 6.931750476360321045e-02 -1.499998569488525391e-02 5.627017840743064880e-02 -7.048661708831787109e-01 5.627030879259109497e-02 7.048624157905578613e-01
-1.235922053456306458e-01 6.931750476360321045e-02 -1.499998569488525391e-02 5.627017840743064880e-02 -7.048661708831787109e-01 5.627030879259109497e-02 7.048624157905578613e-01
-1.235922053456306458e-01 6.931750476360321045e-02 -1.499998569488525391e-02 5.627017840743064880e-02 -7.048661708831787109e-01 5.627030879259109497e-02 7.048624157905578613e-01
-1.235922053456306458e-01 6.931750476360321045e-02 -1.499998569488525391e-02 5.627017840743064880e-02 -7.048661708831787109e-01 5.627030879259109497e-02 7.048624157905578613e-01
-1.235922053456306458e-01 6.931750476360321045e-02 -1.499998569488525391e-02 5.627017840743064880e-02 -7.048661708831787109e-01 5.627030879259109497e-02 7.048624157905578613e-01
-1.235922053456306458e-01 6.931750476360321045e-02 -1.499998569488525391e-02 5.627017840743064880e-02 -7.048661708831787109e-01 5.627030879259109497e-02 7.048624157905578613e-01
-1.235922053456306458e-01 6.931750476360321045e-02 -1.499998569488525391e-02 5.627017840743064880e-02 -7.048661708831787109e-01 5.627030879259109497e-02 7.048624157905578613e-01
-1.235922053456306458e-01 6.931750476360321045e-02 -1.499998569488525391e-02 5.627017840743064880e-02 -7.048661708831787109e-01 5.627030879259109497e-02 7.048624157905578613e-01
-1.235922053456306458e-01 6.931750476360321045e-02 -1.499998569488525391e-02 5.627017840743064880e-02 -7.048661708831787109e-01 5.627030879259109497e-02 7.048624157905578613e-01
-1.235922053456306458e-01 6.931750476360321045e-02 -1.499998569488525391e-02 5.627017840743064880e-02 -7.048661708831787109e-01 5.627030879259109497e-02 7.048624157905578613e-01
-1.235922053456306458e-01 6.931750476360321045e-02 -1.499998569488525391e-02 5.627017840743064880e-02 -7.048661708831787109e-01 5.627030879259109497e-02 7.048624157905578613e-01
-1.235922053456306458e-01 6.931750476360321045e-02 -1.499998569488525391e-02 5.627017840743064880e-02 -7.048661708831787109e-01 5.627030879259109497e-02 7.048624157905578613e-01
-1.235922053456306458e-01 6.931750476360321045e-02 -1.499998569488525391e-02 5.627017840743064880e-02 -7.048661708831787109e-01 5.627030879259109497e-02 7.048624157905578613e-01
-1.235922053456306458e-01 6.931750476360321045e-02 -1.499998569488525391e-02 5.627017840743064880e-02 -7.048661708831787109e-01 5.627030879259109497e-02 7.048624157905578613e-01
-1.235922053456306458e-01 6.931750476360321045e-02 -1.499998569488525391e-02 5.627017840743064880e-02 -7.048661708831787109e-01 5.627030879259109497e-02 7.048624157905578613e-01
-1.235922053456306458e-01 6.931750476360321045e-02 -1.499998569488525391e-02 5.627017840743064880e-02 -7.048661708831787109e-01 5.627030879259109497e-02 7.048624157905578613e-01
-1.235922053456306458e-01 6.931750476360321045e-02 -1.499998569488525391e-02 5.627017840743064880e-02 -7.048661708831787109e-01 5.627030879259109497e-02 7.048624157905578613e-01
-1.235922053456306458e-01 6.931750476360321045e-02 -1.499998569488525391e-02 5.627017840743064880e-02 -7.048661708831787109e-01 5.627030879259109497e-02 7.048624157905578613e-01
-1.235922053456306458e-01 6.931750476360321045e-02 -1.499998569488525391e-02 5.627017840743064880e-02 -7.048661708831787109e-01 5.627030879259109497e-02 7.048624157905578613e-01
-1.235922053456306458e-01 6.931750476360321045e-02 -1.499998569488525391e-02 5.627017840743064880e-02 -7.048661708831787109e-01 5.627030879259109497e-02 7.048624157905578613e-01
-1.235922053456306458e-01 6.931750476360321045e-02 -1.499998569488525391e-02 5.627017840743064880e-02 -7.048661708831787109e-01 5.627030879259109497e-02 7.048624157905578613e-01
-1.235922053456306458e-01 6.931750476360321045e-02 -1.499998569488525391e-02 5.627017840743064880e-02 -7.048661708831787109e-01 5.627030879259109497e-02 7.048624157905578613e-01
-1.235922053456306458e-01 6.931750476360321045e-02 -1.499998569488525391e-02 5.627017840743064880e-02 -7.048661708831787109e-01 5.627030879259109497e-02 7.048624157905578613e-01
-1.235922053456306458e-01 6.931750476360321045e-02 -1.499998569488525391e-02 5.627017840743064880e-02 -7.048661708831787109e-01 5.627030879259109497e-02 7.048624157905578613e-01
-1.235922053456306458e-01 6.931750476360321045e-02 -1.499998569488525391e-02 5.627017840743064880e-02 -7.048661708831787109e-01 5.627030879259109497e-02 7.048624157905578613e-01
-1.235922053456306458e-01 6.931750476360321045e-02 -1.499998569488525391e-02 5.627017840743064880e-02 -7.048661708831787109e-01 5.627030879259109497e-02 7.048624157905578613e-01
-1.235922053456306458e-01 6.931750476360321045e-02 -1.499998569488525391e-02 5.627017840743064880e-02 -7.048661708831787109e-01 5.627030879259109497e-02 7.048624157905578613e-01
-1.235922053456306458e-01 6.931750476360321045e-02 -1.499998569488525391e-02 5.627017840743064880e-02 -7.048661708831787109e-01 5.627030879259109497e-02 7.048624157905578613e-01
-1.235922053456306458e-01 6.931750476360321045e-02 -1.499998569488525391e-02 5.627017840743064880e-02 -7.048661708831787109e-01 5.627030879259109497e-02 7.048624157905578613e-01
-1.235922053456306458e-01 6.931750476360321045e-02 -1.499998569488525391e-02 5.627017840743064880e-02 -7.048661708831787109e-01 5.627030879259109497e-02 7.048624157905578613e-01
-1.235922053456306458e-01 6.931750476360321045e-02 -1.499998569488525391e-02 5.627017840743064880e-02 -7.048661708831787109e-01 5.627030879259109497e-02 7.048624157905578613e-01
-1.235922053456306458e-01 6.931750476360321045e-02 -1.499998569488525391e-02 5.627017840743064880e-02 -7.048661708831787109e-01 5.627030879259109497e-02 7.048624157905578613e-01
-1.235922053456306458e-01 6.931750476360321045e-02 -1.499998569488525391e-02 5.627017840743064880e-02 -7.048661708831787109e-01 5.627030879259109497e-02 7.048624157905578613e-01
-1.235922053456306458e-01 6.931750476360321045e-02 -1.499998569488525391e-02 5.627017840743064880e-02 -7.048661708831787109e-01 5.627030879259109497e-02 7.048624157905578613e-01
-1.235922053456306458e-01 6.931750476360321045e-02 -1.499998569488525391e-02 5.627017840743064880e-02 -7.048661708831787109e-01 5.627030879259109497e-02 7.048624157905578613e-01
-1.235922053456306458e-01 6.931750476360321045e-02 -1.499998569488525391e-02 5.627017840743064880e-02 -7.048661708831787109e-01 5.627030879259109497e-02 7.048624157905578613e-01
-1.235922053456306458e-01 6.931750476360321045e-02 -1.499998569488525391e-02 5.627017840743064880e-02 -7.048661708831787109e-01 5.627030879259109497e-02 7.048624157905578613e-01
-1.235922053456306458e-01 6.931750476360321045e-02 -1.499998569488525391e-02 5.627017840743064880e-02 -7.048661708831787109e-01 5.627030879259109497e-02 7.048624157905578613e-01
-1.235922053456306458e-01 6.931750476360321045e-02 -1.499998569488525391e-02 5.627017840743064880e-02 -7.048661708831787109e-01 5.627030879259109497e-02 7.048624157905578613e-01
-1.235922053456306458e-01 6.931750476360321045e-02 -1.499998569488525391e-02 5.627017840743064880e-02 -7.048661708831787109e-01 5.627030879259109497e-02 7.048624157905578613e-01
-1.235922053456306458e-01 6.931750476360321045e-02 -1.499998569488525391e-02 5.627017840743064880e-02 -7.048661708831787109e-01 5.627030879259109497e-02 7.048624157905578613e-01
-1.235922053456306458e-01 6.931750476360321045e-02 -1.499998569488525391e-02 5.627017840743064880e-02 -7.048661708831787109e-01 5.627030879259109497e-02 7.048624157905578613e-01
-1.235922053456306458e-01 6.931750476360321045e-02 -1.499998569488525391e-02 5.627017840743064880e-02 -7.048661708831787109e-01 5.627030879259109497e-02 7.048624157905578613e-01
-1.235922053456306458e-01 6.931750476360321045e-02 -1.499998569488525391e-02 5.627017840743064880e-02 -7.048661708831787109e-01 5.627030879259109497e-02 7.048624157905578613e-01
-1.235922053456306458e-01 6.931750476360321045e-02 -1.499998569488525391e-02 5.627017840743064880e-02 -7.048661708831787109e-01 5.627030879259109497e-02 7.048624157905578613e-01
-1.235922053456306458e-01 6.931750476360321045e-02 -1.499998569488525391e-02 5.627017840743064880e-02 -7.048661708831787109e-01 5.627030879259109497e-02 7.048624157905578613e-01
-1.235922053456306458e-01 6.931750476360321045e-02 -1.499998569488525391e-02 5.627017840743064880e-02 -7.048661708831787109e-01 5.627030879259109497e-02 7.048624157905578613e-01
-1.235922053456306458e-01 6.931750476360321045e-02 -1.499998569488525391e-02 5.627017840743064880e-02 -7.048661708831787109e-01 5.627030879259109497e-02 7.048624157905578613e-01
-1.235922053456306458e-01 6.931750476360321045e-02 -1.499998569488525391e-02 5.627017840743064880e-02 -7.048661708831787109e-01 5.627030879259109497e-02 7.048624157905578613e-01
-1.235922053456306458e-01 6.931750476360321045e-02 -1.499998569488525391e-02 5.627017840743064880e-02 -7.048661708831787109e-01 5.627030879259109497e-02 7.048624157905578613e-01
-1.235922053456306458e-01 6.931750476360321045e-02 -1.499998569488525391e-02 5.627017840743064880e-02 -7.048661708831787109e-01 5.627030879259109497e-02 7.048624157905578613e-01
-1.235922053456306458e-01 6.931750476360321045e-02 -1.499998569488525391e-02 5.627017840743064880e-02 -7.048661708831787109e-01 5.627030879259109497e-02 7.048624157905578613e-01
-1.235922053456306458e-01 6.931750476360321045e-02 -1.499998569488525391e-02 5.627017840743064880e-02 -7.048661708831787109e-01 5.627030879259109497e-02 7.048624157905578613e-01
-1.235922053456306458e-01 6.931750476360321045e-02 -1.499998569488525391e-02 5.627017840743064880e-02 -7.048661708831787109e-01 5.627030879259109497e-02 7.048624157905578613e-01
-1.235922053456306458e-01 6.931750476360321045e-02 -1.499998569488525391e-02 5.627017840743064880e-02 -7.048661708831787109e-01 5.627030879259109497e-02 7.048624157905578613e-01
-1.235922053456306458e-01 6.931750476360321045e-02 -1.499998569488525391e-02 5.627017840743064880e-02 -7.048661708831787109e-01 5.627030879259109497e-02 7.048624157905578613e-01
-1.235922053456306458e-01 6.931750476360321045e-02 -1.499998569488525391e-02 5.627017840743064880e-02 -7.048661708831787109e-01 5.627030879259109497e-02 7.048624157905578613e-01
-1.235922053456306458e-01 6.931750476360321045e-02 -1.499998569488525391e-02 5.627017840743064880e-02 -7.048661708831787109e-01 5.627030879259109497e-02 7.048624157905578613e-01
-1.235922053456306458e-01 6.931750476360321045e-02 -1.499998569488525391e-02 5.627017840743064880e-02 -7.048661708831787109e-01 5.627030879259109497e-02 7.048624157905578613e-01
-1.235922053456306458e-01 6.931750476360321045e-02 -1.499998569488525391e-02 5.627017840743064880e-02 -7.048661708831787109e-01 5.627030879259109497e-02 7.048624157905578613e-01
-1.235922053456306458e-01 6.931750476360321045e-02 -1.499998569488525391e-02 5.627017840743064880e-02 -7.048661708831787109e-01 5.627030879259109497e-02 7.048624157905578613e-01
-1.235922053456306458e-01 6.931750476360321045e-02 -1.499998569488525391e-02 5.627017840743064880e-02 -7.048661708831787109e-01 5.627030879259109497e-02 7.048624157905578613e-01
-1.235922053456306458e-01 6.931750476360321045e-02 -1.499998569488525391e-02 5.627017840743064880e-02 -7.048661708831787109e-01 5.627030879259109497e-02 7.048624157905578613e-01
-1.235922053456306458e-01 6.931750476360321045e-02 -1.499998569488525391e-02 5.627017840743064880e-02 -7.048661708831787109e-01 5.627030879259109497e-02 7.048624157905578613e-01
-1.235922053456306458e-01 6.931750476360321045e-02 -1.499998569488525391e-02 5.627017840743064880e-02 -7.048661708831787109e-01 5.627030879259109497e-02 7.048624157905578613e-01
-1.235922053456306458e-01 6.931750476360321045e-02 -1.499998569488525391e-02 5.627017840743064880e-02 -7.048661708831787109e-01 5.627030879259109497e-02 7.048624157905578613e-01
-1.235922053456306458e-01 6.931750476360321045e-02 -1.499998569488525391e-02 5.627017840743064880e-02 -7.048661708831787109e-01 5.627030879259109497e-02 7.048624157905578613e-01
-1.235922053456306458e-01 6.931750476360321045e-02 -1.499998569488525391e-02 5.627017840743064880e-02 -7.048661708831787109e-01 5.627030879259109497e-02 7.048624157905578613e-01
-1.235922053456306458e-01 6.931750476360321045e-02 -1.499998569488525391e-02 5.627017840743064880e-02 -7.048661708831787109e-01 5.627030879259109497e-02 7.048624157905578613e-01
-1.235922053456306458e-01 6.931750476360321045e-02 -1.499998569488525391e-02 5.627017840743064880e-02 -7.048661708831787109e-01 5.627030879259109497e-02 7.048624157905578613e-01
-1.235922053456306458e-01 6.931750476360321045e-02 -1.499998569488525391e-02 5.627017840743064880e-02 -7.048661708831787109e-01 5.627030879259109497e-02 7.048624157905578613e-01
-1.235922053456306458e-01 6.931750476360321045e-02 -1.499998569488525391e-02 5.627017840743064880e-02 -7.048661708831787109e-01 5.627030879259109497e-02 7.048624157905578613e-01
-1.235922053456306458e-01 6.931750476360321045e-02 -1.499998569488525391e-02 5.627017840743064880e-02 -7.048661708831787109e-01 5.627030879259109497e-02 7.048624157905578613e-01
-1.235922053456306458e-01 6.931750476360321045e-02 -1.499998569488525391e-02 5.627017840743064880e-02 -7.048661708831787109e-01 5.627030879259109497e-02 7.048624157905578613e-01
-1.235922053456306458e-01 6.931750476360321045e-02 -1.499998569488525391e-02 5.627017840743064880e-02 -7.048661708831787109e-01 5.627030879259109497e-02 7.048624157905578613e-01
-1.235922053456306458e-01 6.931750476360321045e-02 -1.499998569488525391e-02 5.627017840743064880e-02 -7.048661708831787109e-01 5.627030879259109497e-02 7.048624157905578613e-01
-1.235922053456306458e-01 6.931750476360321045e-02 -1.499998569488525391e-02 5.627017840743064880e-02 -7.048661708831787109e-01 5.627030879259109497e-02 7.048624157905578613e-01
-1.235922053456306458e-01 6.931750476360321045e-02 -1.499998569488525391e-02 5.627017840743064880e-02 -7.048661708831787109e-01 5.627030879259109497e-02 7.048624157905578613e-01
-1.235922053456306458e-01 6.931750476360321045e-02 -1.499998569488525391e-02 5.627017840743064880e-02 -7.048661708831787109e-01 5.627030879259109497e-02 7.048624157905578613e-01
-1.235922053456306458e-01 6.931750476360321045e-02 -1.499998569488525391e-02 5.627017840743064880e-02 -7.048661708831787109e-01 5.627030879259109497e-02 7.048624157905578613e-01
-1.235922053456306458e-01 6.931750476360321045e-02 -1.499998569488525391e-02 5.627017840743064880e-02 -7.048661708831787109e-01 5.627030879259109497e-02 7.048624157905578613e-01
-1.235922053456306458e-01 6.931750476360321045e-02 -1.499998569488525391e-02 5.627017840743064880e-02 -7.048661708831787109e-01 5.627030879259109497e-02 7.048624157905578613e-01
-1.235922053456306458e-01 6.931750476360321045e-02 -1.499998569488525391e-02 5.627017840743064880e-02 -7.048661708831787109e-01 5.627030879259109497e-02 7.048624157905578613e-01
-1.235922053456306458e-01 6.931750476360321045e-02 -1.499998569488525391e-02 5.627017840743064880e-02 -7.048661708831787109e-01 5.627030879259109497e-02 7.048624157905578613e-01
-1.235922053456306458e-01 6.931750476360321045e-02 -1.499998569488525391e-02 5.627017840743064880e-02 -7.048661708831787109e-01 5.627030879259109497e-02 7.048624157905578613e-01
-1.235922053456306458e-01 6.931750476360321045e-02 -1.499998569488525391e-02 5.627017840743064880e-02 -7.048661708831787109e-01 5.627030879259109497e-02 7.048624157905578613e-01
-1.235922053456306458e-01 6.931750476360321045e-02 -1.499998569488525391e-02 5.627017840743064880e-02 -7.048661708831787109e-01 5.627030879259109497e-02 7.048624157905578613e-01
-1.235922053456306458e-01 6.931750476360321045e-02 -1.499998569488525391e-02 5.627017840743064880e-02 -7.048661708831787109e-01 5.627030879259109497e-02 7.048624157905578613e-01
-1.235922053456306458e-01 6.931750476360321045e-02 -1.499998569488525391e-02 5.627017840743064880e-02 -7.048661708831787109e-01 5.627030879259109497e-02 7.048624157905578613e-01
-1.235922053456306458e-01 6.931750476360321045e-02 -1.499998569488525391e-02 5.627017840743064880e-02 -7.048661708831787109e-01 5.627030879259109497e-02 7.048624157905578613e-01
-1.235922053456306458e-01 6.931750476360321045e-02 -1.499998569488525391e-02 5.627017840743064880e-02 -7.048661708831787109e-01 5.627030879259109497e-02 7.048624157905578613e-01
-1.235922053456306458e-01 6.931750476360321045e-02 -1.499998569488525391e-02 5.627017840743064880e-02 -7.048661708831787109e-01 5.627030879259109497e-02 7.048624157905578613e-01
-1.235922053456306458e-01 6.931750476360321045e-02 -1.499998569488525391e-02 5.627017840743064880e-02 -7.048661708831787109e-01 5.627030879259109497e-02 7.048624157905578613e-01
-1.235922053456306458e-01 6.931750476360321045e-02 -1.499998569488525391e-02 5.627017840743064880e-02 -7.048661708831787109e-01 5.627030879259109497e-02 7.048624157905578613e-01
-1.235922053456306458e-01 6.931750476360321045e-02 -1.499998569488525391e-02 5.627017840743064880e-02 -7.048661708831787109e-01 5.627030879259109497e-02 7.048624157905578613e-01
-1.235922053456306458e-01 6.931750476360321045e-02 -1.499998569488525391e-02 5.627017840743064880e-02 -7.048661708831787109e-01 5.627030879259109497e-02 7.048624157905578613e-01
-1.235922053456306458e-01 6.931750476360321045e-02 -1.499998569488525391e-02 5.627017840743064880e-02 -7.048661708831787109e-01 5.627030879259109497e-02 7.048624157905578613e-01
-1.235922053456306458e-01 6.931750476360321045e-02 -1.499998569488525391e-02 5.627017840743064880e-02 -7.048661708831787109e-01 5.627030879259109497e-02 7.048624157905578613e-01
-1.235922053456306458e-01 6.931750476360321045e-02 -1.499998569488525391e-02 5.627017840743064880e-02 -7.048661708831787109e-01 5.627030879259109497e-02 7.048624157905578613e-01
-1.235922053456306458e-01 6.931750476360321045e-02 -1.499998569488525391e-02 5.627017840743064880e-02 -7.048661708831787109e-01 5.627030879259109497e-02 7.048624157905578613e-01
-1.235922053456306458e-01 6.931750476360321045e-02 -1.499998569488525391e-02 5.627017840743064880e-02 -7.048661708831787109e-01 5.627030879259109497e-02 7.048624157905578613e-01
-1.235922053456306458e-01 6.931750476360321045e-02 -1.499998569488525391e-02 5.627017840743064880e-02 -7.048661708831787109e-01 5.627030879259109497e-02 7.048624157905578613e-01
-1.235922053456306458e-01 6.931750476360321045e-02 -1.499998569488525391e-02 5.627017840743064880e-02 -7.048661708831787109e-01 5.627030879259109497e-02 7.048624157905578613e-01
-1.235922053456306458e-01 6.931750476360321045e-02 -1.499998569488525391e-02 5.627017840743064880e-02 -7.048661708831787109e-01 5.627030879259109497e-02 7.048624157905578613e-01
-1.235922053456306458e-01 6.931750476360321045e-02 -1.499998569488525391e-02 5.627017840743064880e-02 -7.048661708831787109e-01 5.627030879259109497e-02 7.048624157905578613e-01
-1.235922053456306458e-01 6.931750476360321045e-02 -1.499998569488525391e-02 5.627017840743064880e-02 -7.048661708831787109e-01 5.627030879259109497e-02 7.048624157905578613e-01
-1.235922053456306458e-01 6.931750476360321045e-02 -1.499998569488525391e-02 5.627017840743064880e-02 -7.048661708831787109e-01 5.627030879259109497e-02 7.048624157905578613e-01
-1.235922053456306458e-01 6.931750476360321045e-02 -1.499998569488525391e-02 5.627017840743064880e-02 -7.048661708831787109e-01 5.627030879259109497e-02 7.048624157905578613e-01
-1.235922053456306458e-01 6.931750476360321045e-02 -1.499998569488525391e-02 5.627017840743064880e-02 -7.048661708831787109e-01 5.627030879259109497e-02 7.048624157905578613e-01
-1.235922053456306458e-01 6.931750476360321045e-02 -1.499998569488525391e-02 5.627017840743064880e-02 -7.048661708831787109e-01 5.627030879259109497e-02 7.048624157905578613e-01
-1.235922053456306458e-01 6.931750476360321045e-02 -1.499998569488525391e-02 5.627017840743064880e-02 -7.048661708831787109e-01 5.627030879259109497e-02 7.048624157905578613e-01
-1.235922053456306458e-01 6.931750476360321045e-02 -1.499998569488525391e-02 5.627017840743064880e-02 -7.048661708831787109e-01 5.627030879259109497e-02 7.048624157905578613e-01
-1.235922053456306458e-01 6.931750476360321045e-02 -1.499998569488525391e-02 5.627017840743064880e-02 -7.048661708831787109e-01 5.627030879259109497e-02 7.048624157905578613e-01
-1.235922053456306458e-01 6.931750476360321045e-02 -1.499998569488525391e-02 5.627017840743064880e-02 -7.048661708831787109e-01 5.627030879259109497e-02 7.048624157905578613e-01
-1.235922053456306458e-01 6.931750476360321045e-02 -1.499998569488525391e-02 5.627017840743064880e-02 -7.048661708831787109e-01 5.627030879259109497e-02 7.048624157905578613e-01
-1.235922053456306458e-01 6.931750476360321045e-02 -1.499998569488525391e-02 5.627017840743064880e-02 -7.048661708831787109e-01 5.627030879259109497e-02 7.048624157905578613e-01
-1.235922053456306458e-01 6.931750476360321045e-02 -1.499998569488525391e-02 5.627017840743064880e-02 -7.048661708831787109e-01 5.627030879259109497e-02 7.048624157905578613e-01
-1.235922053456306458e-01 6.931750476360321045e-02 -1.499998569488525391e-02 5.627017840743064880e-02 -7.048661708831787109e-01 5.627030879259109497e-02 7.048624157905578613e-01
-1.235922053456306458e-01 6.931750476360321045e-02 -1.499998569488525391e-02 5.627017840743064880e-02 -7.048661708831787109e-01 5.627030879259109497e-02 7.048624157905578613e-01
-1.235922053456306458e-01 6.931750476360321045e-02 -1.499998569488525391e-02 5.627017840743064880e-02 -7.048661708831787109e-01 5.627030879259109497e-02 7.048624157905578613e-01
-1.235922053456306458e-01 6.931750476360321045e-02 -1.499998569488525391e-02 5.627017840743064880e-02 -7.048661708831787109e-01 5.627030879259109497e-02 7.048624157905578613e-01
-1.235922053456306458e-01 6.931750476360321045e-02 -1.499998569488525391e-02 5.627017840743064880e-02 -7.048661708831787109e-01 5.627030879259109497e-02 7.048624157905578613e-01
-1.235922053456306458e-01 6.931750476360321045e-02 -1.499998569488525391e-02 5.627017840743064880e-02 -7.048661708831787109e-01 5.627030879259109497e-02 7.048624157905578613e-01
-1.235922053456306458e-01 6.931750476360321045e-02 -1.499998569488525391e-02 5.627017840743064880e-02 -7.048661708831787109e-01 5.627030879259109497e-02 7.048624157905578613e-01
-1.235922053456306458e-01 6.931750476360321045e-02 -1.499998569488525391e-02 5.627017840743064880e-02 -7.048661708831787109e-01 5.627030879259109497e-02 7.048624157905578613e-01
-1.235922053456306458e-01 6.931750476360321045e-02 -1.499998569488525391e-02 5.627017840743064880e-02 -7.048661708831787109e-01 5.627030879259109497e-02 7.048624157905578613e-01
-1.235922053456306458e-01 6.931750476360321045e-02 -1.499998569488525391e-02 5.627017840743064880e-02 -7.048661708831787109e-01 5.627030879259109497e-02 7.048624157905578613e-01
-1.235922053456306458e-01 6.931750476360321045e-02 -1.499998569488525391e-02 5.627017840743064880e-02 -7.048661708831787109e-01 5.627030879259109497e-02 7.048624157905578613e-01
-1.235922053456306458e-01 6.931750476360321045e-02 -1.499998569488525391e-02 5.627017840743064880e-02 -7.048661708831787109e-01 5.627030879259109497e-02 7.048624157905578613e-01
-1.235922053456306458e-01 6.931750476360321045e-02 -1.499998569488525391e-02 5.627017840743064880e-02 -7.048661708831787109e-01 5.627030879259109497e-02 7.048624157905578613e-01
-1.235922053456306458e-01 6.931750476360321045e-02 -1.499998569488525391e-02 5.627017840743064880e-02 -7.048661708831787109e-01 5.627030879259109497e-02 7.048624157905578613e-01
-1.235922053456306458e-01 6.931750476360321045e-02 -1.499998569488525391e-02 5.627017840743064880e-02 -7.048661708831787109e-01 5.627030879259109497e-02 7.048624157905578613e-01
-1.235922053456306458e-01 6.931750476360321045e-02 -1.499998569488525391e-02 5.627017840743064880e-02 -7.048661708831787109e-01 5.627030879259109497e-02 7.048624157905578613e-01
-1.235922053456306458e-01 6.931750476360321045e-02 -1.499998569488525391e-02 5.627017840743064880e-02 -7.048661708831787109e-01 5.627030879259109497e-02 7.048624157905578613e-01
-1.235922053456306458e-01 6.931750476360321045e-02 -1.499998569488525391e-02 5.627017840743064880e-02 -7.048661708831787109e-01 5.627030879259109497e-02 7.048624157905578613e-01
-1.235922053456306458e-01 6.931750476360321045e-02 -1.499998569488525391e-02 5.627017840743064880e-02 -7.048661708831787109e-01 5.627030879259109497e-02 7.048624157905578613e-01
-1.235922053456306458e-01 6.931750476360321045e-02 -1.499998569488525391e-02 5.627017840743064880e-02 -7.048661708831787109e-01 5.627030879259109497e-02 7.048624157905578613e-01
-1.235922053456306458e-01 6.931750476360321045e-02 -1.499998569488525391e-02 5.627017840743064880e-02 -7.048661708831787109e-01 5.627030879259109497e-02 7.048624157905578613e-01
-1.235922053456306458e-01 6.931750476360321045e-02 -1.499998569488525391e-02 5.627017840743064880e-02 -7.048661708831787109e-01 5.627030879259109497e-02 7.048624157905578613e-01
-1.235922053456306458e-01 6.931750476360321045e-02 -1.499998569488525391e-02 5.627017840743064880e-02 -7.048661708831787109e-01 5.627030879259109497e-02 7.048624157905578613e-01
-1.235922053456306458e-01 6.931750476360321045e-02 -1.499998569488525391e-02 5.627017840743064880e-02 -7.048661708831787109e-01 5.627030879259109497e-02 7.048624157905578613e-01
-1.235922053456306458e-01 6.931750476360321045e-02 -1.499998569488525391e-02 5.627017840743064880e-02 -7.048661708831787109e-01 5.627030879259109497e-02 7.048624157905578613e-01
-1.235922053456306458e-01 6.931750476360321045e-02 -1.499998569488525391e-02 5.627017840743064880e-02 -7.048661708831787109e-01 5.627030879259109497e-02 7.048624157905578613e-01
-1.235922053456306458e-01 6.931750476360321045e-02 -1.499998569488525391e-02 5.627017840743064880e-02 -7.048661708831787109e-01 5.627030879259109497e-02 7.048624157905578613e-01
-1.235922053456306458e-01 6.931750476360321045e-02 -1.499998569488525391e-02 5.627017840743064880e-02 -7.048661708831787109e-01 5.627030879259109497e-02 7.048624157905578613e-01
-1.235922053456306458e-01 6.931750476360321045e-02 -1.499998569488525391e-02 5.627017840743064880e-02 -7.048661708831787109e-01 5.627030879259109497e-02 7.048624157905578613e-01
-1.235922053456306458e-01 6.931750476360321045e-02 -1.499998569488525391e-02 5.627017840743064880e-02 -7.048661708831787109e-01 5.627030879259109497e-02 7.048624157905578613e-01
-1.235922053456306458e-01 6.931750476360321045e-02 -1.499998569488525391e-02 5.627017840743064880e-02 -7.048661708831787109e-01 5.627030879259109497e-02 7.048624157905578613e-01
-1.235922053456306458e-01 6.931750476360321045e-02 -1.499998569488525391e-02 5.627017840743064880e-02 -7.048661708831787109e-01 5.627030879259109497e-02 7.048624157905578613e-01
-1.235922053456306458e-01 6.931750476360321045e-02 -1.499998569488525391e-02 5.627017840743064880e-02 -7.048661708831787109e-01 5.627030879259109497e-02 7.048624157905578613e-01
-1.235922053456306458e-01 6.931750476360321045e-02 -1.499998569488525391e-02 5.627017840743064880e-02 -7.048661708831787109e-01 5.627030879259109497e-02 7.048624157905578613e-01
-1.235922053456306458e-01 6.931750476360321045e-02 -1.499998569488525391e-02 5.627017840743064880e-02 -7.048661708831787109e-01 5.627030879259109497e-02 7.048624157905578613e-01
-1.235922053456306458e-01 6.931750476360321045e-02 -1.499998569488525391e-02 5.627017840743064880e-02 -7.048661708831787109e-01 5.627030879259109497e-02 7.048624157905578613e-01
-1.235922053456306458e-01 6.931750476360321045e-02 -1.499998569488525391e-02 5.627017840743064880e-02 -7.048661708831787109e-01 5.627030879259109497e-02 7.048624157905578613e-01
-1.235922053456306458e-01 6.931750476360321045e-02 -1.499998569488525391e-02 5.627017840743064880e-02 -7.048661708831787109e-01 5.627030879259109497e-02 7.048624157905578613e-01
-1.235922053456306458e-01 6.931750476360321045e-02 -1.499998569488525391e-02 5.627017840743064880e-02 -7.048661708831787109e-01 5.627030879259109497e-02 7.048624157905578613e-01
-1.235922053456306458e-01 6.931750476360321045e-02 -1.499998569488525391e-02 5.627017840743064880e-02 -7.048661708831787109e-01 5.627030879259109497e-02 7.048624157905578613e-01
-1.235922053456306458e-01 6.931750476360321045e-02 -1.499998569488525391e-02 5.627017840743064880e-02 -7.048661708831787109e-01 5.627030879259109497e-02 7.048624157905578613e-01
-1.235922053456306458e-01 6.931750476360321045e-02 -1.499998569488525391e-02 5.627017840743064880e-02 -7.048661708831787109e-01 5.627030879259109497e-02 7.048624157905578613e-01
-1.235922053456306458e-01 6.931750476360321045e-02 -1.499998569488525391e-02 5.627017840743064880e-02 -7.048661708831787109e-01 5.627030879259109497e-02 7.048624157905578613e-01
-1.235922053456306458e-01 6.931750476360321045e-02 -1.499998569488525391e-02 5.627017840743064880e-02 -7.048661708831787109e-01 5.627030879259109497e-02 7.048624157905578613e-01
-1.235922053456306458e-01 6.931750476360321045e-02 -1.499998569488525391e-02 5.627017840743064880e-02 -7.048661708831787109e-01 5.627030879259109497e-02 7.048624157905578613e-01
-1.235922053456306458e-01 6.931750476360321045e-02 -1.499998569488525391e-02 5.627017840743064880e-02 -7.048661708831787109e-01 5.627030879259109497e-02 7.048624157905578613e-01
-1.235922053456306458e-01 6.931750476360321045e-02 -1.499998569488525391e-02 5.627017840743064880e-02 -7.048661708831787109e-01 5.627030879259109497e-02 7.048624157905578613e-01
-1.235922053456306458e-01 6.931750476360321045e-02 -1.499998569488525391e-02 5.627017840743064880e-02 -7.048661708831787109e-01 5.627030879259109497e-02 7.048624157905578613e-01
-1.235922053456306458e-01 6.931750476360321045e-02 -1.499998569488525391e-02 5.627017840743064880e-02 -7.048661708831787109e-01 5.627030879259109497e-02 7.048624157905578613e-01
-1.235922053456306458e-01 6.931750476360321045e-02 -1.499998569488525391e-02 5.627017840743064880e-02 -7.048661708831787109e-01 5.627030879259109497e-02 7.048624157905578613e-01
-1.235922053456306458e-01 6.931750476360321045e-02 -1.499998569488525391e-02 5.627017840743064880e-02 -7.048661708831787109e-01 5.627030879259109497e-02 7.048624157905578613e-01
-1.235922053456306458e-01 6.931750476360321045e-02 -1.499998569488525391e-02 5.627017840743064880e-02 -7.048661708831787109e-01 5.627030879259109497e-02 7.048624157905578613e-01
-1.235922053456306458e-01 6.931750476360321045e-02 -1.499998569488525391e-02 5.627017840743064880e-02 -7.048661708831787109e-01 5.627030879259109497e-02 7.048624157905578613e-01
-1.235922053456306458e-01 6.931750476360321045e-02 -1.499998569488525391e-02 5.627017840743064880e-02 -7.048661708831787109e-01 5.627030879259109497e-02 7.048624157905578613e-01
-1.235922053456306458e-01 6.931750476360321045e-02 -1.499998569488525391e-02 5.627017840743064880e-02 -7.048661708831787109e-01 5.627030879259109497e-02 7.048624157905578613e-01
-1.235922053456306458e-01 6.931750476360321045e-02 -1.499998569488525391e-02 5.627017840743064880e-02 -7.048661708831787109e-01 5.627030879259109497e-02 7.048624157905578613e-01
-1.235922053456306458e-01 6.931750476360321045e-02 -1.499998569488525391e-02 5.627017840743064880e-02 -7.048661708831787109e-01 5.627030879259109497e-02 7.048624157905578613e-01
-1.235922053456306458e-01 6.931750476360321045e-02 -1.499998569488525391e-02 5.627017840743064880e-02 -7.048661708831787109e-01 5.627030879259109497e-02 7.048624157905578613e-01
-1.235922053456306458e-01 6.931750476360321045e-02 -1.499998569488525391e-02 5.627017840743064880e-02 -7.048661708831787109e-01 5.627030879259109497e-02 7.048624157905578613e-01
-1.235922053456306458e-01 6.931750476360321045e-02 -1.499998569488525391e-02 5.627017840743064880e-02 -7.048661708831787109e-01 5.627030879259109497e-02 7.048624157905578613e-01
-1.235922053456306458e-01 6.931750476360321045e-02 -1.499998569488525391e-02 5.627017840743064880e-02 -7.048661708831787109e-01 5.627030879259109497e-02 7.048624157905578613e-01
-1.235922053456306458e-01 6.931750476360321045e-02 -1.499998569488525391e-02 5.627017840743064880e-02 -7.048661708831787109e-01 5.627030879259109497e-02 7.048624157905578613e-01
-1.235922053456306458e-01 6.931750476360321045e-02 -1.499998569488525391e-02 5.627017840743064880e-02 -7.048661708831787109e-01 5.627030879259109497e-02 7.048624157905578613e-01
-1.235922053456306458e-01 6.931750476360321045e-02 -1.499998569488525391e-02 5.627017840743064880e-02 -7.048661708831787109e-01 5.627030879259109497e-02 7.048624157905578613e-01
-1.235922053456306458e-01 6.931750476360321045e-02 -1.499998569488525391e-02 5.627017840743064880e-02 -7.048661708831787109e-01 5.627030879259109497e-02 7.048624157905578613e-01
-1.235922053456306458e-01 6.931750476360321045e-02 -1.499998569488525391e-02 5.627017840743064880e-02 -7.048661708831787109e-01 5.627030879259109497e-02 7.048624157905578613e-01
-1.235922053456306458e-01 6.931750476360321045e-02 -1.499998569488525391e-02 5.627017840743064880e-02 -7.048661708831787109e-01 5.627030879259109497e-02 7.048624157905578613e-01
-1.235922053456306458e-01 6.931750476360321045e-02 -1.499998569488525391e-02 5.627017840743064880e-02 -7.048661708831787109e-01 5.627030879259109497e-02 7.048624157905578613e-01
-1.235922053456306458e-01 6.931750476360321045e-02 -1.499998569488525391e-02 5.627017840743064880e-02 -7.048661708831787109e-01 5.627030879259109497e-02 7.048624157905578613e-01
-1.235922053456306458e-01 6.931750476360321045e-02 -1.499998569488525391e-02 5.627017840743064880e-02 -7.048661708831787109e-01 5.627030879259109497e-02 7.048624157905578613e-01
-1.235922053456306458e-01 6.931750476360321045e-02 -1.499998569488525391e-02 5.627017840743064880e-02 -7.048661708831787109e-01 5.627030879259109497e-02 7.048624157905578613e-01
-1.235922053456306458e-01 6.931750476360321045e-02 -1.499998569488525391e-02 5.627017840743064880e-02 -7.048661708831787109e-01 5.627030879259109497e-02 7.048624157905578613e-01
-1.235922053456306458e-01 6.931750476360321045e-02 -1.499998569488525391e-02 5.627017840743064880e-02 -7.048661708831787109e-01 5.627030879259109497e-02 7.048624157905578613e-01
-1.235922053456306458e-01 6.931750476360321045e-02 -1.499998569488525391e-02 5.627017840743064880e-02 -7.048661708831787109e-01 5.627030879259109497e-02 7.048624157905578613e-01
-1.235922053456306458e-01 6.931750476360321045e-02 -1.499998569488525391e-02 5.627017840743064880e-02 -7.048661708831787109e-01 5.627030879259109497e-02 7.048624157905578613e-01
-1.235922053456306458e-01 6.931750476360321045e-02 -1.499998569488525391e-02 5.627017840743064880e-02 -7.048661708831787109e-01 5.627030879259109497e-02 7.048624157905578613e-01
-1.235922053456306458e-01 6.931750476360321045e-02 -1.499998569488525391e-02 5.627017840743064880e-02 -7.048661708831787109e-01 5.627030879259109497e-02 7.048624157905578613e-01
-1.235922053456306458e-01 6.931750476360321045e-02 -1.499998569488525391e-02 5.627017840743064880e-02 -7.048661708831787109e-01 5.627030879259109497e-02 7.048624157905578613e-01
-1.235922053456306458e-01 6.931750476360321045e-02 -1.499998569488525391e-02 5.627017840743064880e-02 -7.048661708831787109e-01 5.627030879259109497e-02 7.048624157905578613e-01
-1.235922053456306458e-01 6.931750476360321045e-02 -1.499998569488525391e-02 5.627017840743064880e-02 -7.048661708831787109e-01 5.627030879259109497e-02 7.048624157905578613e-01
-1.235922053456306458e-01 6.931750476360321045e-02 -1.499998569488525391e-02 5.627017840743064880e-02 -7.048661708831787109e-01 5.627030879259109497e-02 7.048624157905578613e-01
-1.235922053456306458e-01 6.931750476360321045e-02 -1.499998569488525391e-02 5.627017840743064880e-02 -7.048661708831787109e-01 5.627030879259109497e-02 7.048624157905578613e-01
-1.235922053456306458e-01 6.931750476360321045e-02 -1.499998569488525391e-02 5.627017840743064880e-02 -7.048661708831787109e-01 5.627030879259109497e-02 7.048624157905578613e-01
-1.235922053456306458e-01 6.931750476360321045e-02 -1.499998569488525391e-02 5.627017840743064880e-02 -7.048661708831787109e-01 5.627030879259109497e-02 7.048624157905578613e-01
-1.235922053456306458e-01 6.931750476360321045e-02 -1.499998569488525391e-02 5.627017840743064880e-02 -7.048661708831787109e-01 5.627030879259109497e-02 7.048624157905578613e-01
-1.235922053456306458e-01 6.931750476360321045e-02 -1.499998569488525391e-02 5.627017840743064880e-02 -7.048661708831787109e-01 5.627030879259109497e-02 7.048624157905578613e-01
-1.235922053456306458e-01 6.931750476360321045e-02 -1.499998569488525391e-02 5.627017840743064880e-02 -7.048661708831787109e-01 5.627030879259109497e-02 7.048624157905578613e-01
-1.235922053456306458e-01 6.931750476360321045e-02 -1.499998569488525391e-02 5.627017840743064880e-02 -7.048661708831787109e-01 5.627030879259109497e-02 7.048624157905578613e-01
-1.235922053456306458e-01 6.931750476360321045e-02 -1.499998569488525391e-02 5.627017840743064880e-02 -7.048661708831787109e-01 5.627030879259109497e-02 7.048624157905578613e-01
-1.235922053456306458e-01 6.931750476360321045e-02 -1.499998569488525391e-02 5.627017840743064880e-02 -7.048661708831787109e-01 5.627030879259109497e-02 7.048624157905578613e-01
-1.235922053456306458e-01 6.931750476360321045e-02 -1.499998569488525391e-02 5.627017840743064880e-02 -7.048661708831787109e-01 5.627030879259109497e-02 7.048624157905578613e-01
-1.235922053456306458e-01 6.931750476360321045e-02 -1.499998569488525391e-02 5.627017840743064880e-02 -7.048661708831787109e-01 5.627030879259109497e-02 7.048624157905578613e-01
-1.235922053456306458e-01 6.931750476360321045e-02 -1.499998569488525391e-02 5.627017840743064880e-02 -7.048661708831787109e-01 5.627030879259109497e-02 7.048624157905578613e-01
-1.235922053456306458e-01 6.931750476360321045e-02 -1.499998569488525391e-02 5.627017840743064880e-02 -7.048661708831787109e-01 5.627030879259109497e-02 7.048624157905578613e-01
-1.235922053456306458e-01 6.931750476360321045e-02 -1.499998569488525391e-02 5.627017840743064880e-02 -7.048661708831787109e-01 5.627030879259109497e-02 7.048624157905578613e-01
-1.235922053456306458e-01 6.931750476360321045e-02 -1.499998569488525391e-02 5.627017840743064880e-02 -7.048661708831787109e-01 5.627030879259109497e-02 7.048624157905578613e-01
-1.235922053456306458e-01 6.931750476360321045e-02 -1.499998569488525391e-02 5.627017840743064880e-02 -7.048661708831787109e-01 5.627030879259109497e-02 7.048624157905578613e-01
-1.235922053456306458e-01 6.931750476360321045e-02 -1.499998569488525391e-02 5.627017840743064880e-02 -7.048661708831787109e-01 5.627030879259109497e-02 7.048624157905578613e-01
-1.235922053456306458e-01 6.931750476360321045e-02 -1.499998569488525391e-02 5.627017840743064880e-02 -7.048661708831787109e-01 5.627030879259109497e-02 7.048624157905578613e-01
-1.235922053456306458e-01 6.931750476360321045e-02 -1.499998569488525391e-02 5.627017840743064880e-02 -7.048661708831787109e-01 5.627030879259109497e-02 7.048624157905578613e-01
-1.235922053456306458e-01 6.931750476360321045e-02 -1.499998569488525391e-02 5.627017840743064880e-02 -7.048661708831787109e-01 5.627030879259109497e-02 7.048624157905578613e-01
-1.235922053456306458e-01 6.931750476360321045e-02 -1.499998569488525391e-02 5.627017840743064880e-02 -7.048661708831787109e-01 5.627030879259109497e-02 7.048624157905578613e-01
-1.235922053456306458e-01 6.931750476360321045e-02 -1.499998569488525391e-02 5.627017840743064880e-02 -7.048661708831787109e-01 5.627030879259109497e-02 7.048624157905578613e-01
-1.235922053456306458e-01 6.931750476360321045e-02 -1.499998569488525391e-02 5.627017840743064880e-02 -7.048661708831787109e-01 5.627030879259109497e-02 7.048624157905578613e-01
-1.235922053456306458e-01 6.931750476360321045e-02 -1.499998569488525391e-02 5.627017840743064880e-02 -7.048661708831787109e-01 5.627030879259109497e-02 7.048624157905578613e-01
-1.235922053456306458e-01 6.931750476360321045e-02 -1.499998569488525391e-02 5.627017840743064880e-02 -7.048661708831787109e-01 5.627030879259109497e-02 7.048624157905578613e-01
-1.235922053456306458e-01 6.931750476360321045e-02 -1.499998569488525391e-02 5.627017840743064880e-02 -7.048661708831787109e-01 5.627030879259109497e-02 7.048624157905578613e-01
-1.235922053456306458e-01 6.931750476360321045e-02 -1.499998569488525391e-02 5.627017840743064880e-02 -7.048661708831787109e-01 5.627030879259109497e-02 7.048624157905578613e-01
-1.235922053456306458e-01 6.931750476360321045e-02 -1.499998569488525391e-02 5.627017840743064880e-02 -7.048661708831787109e-01 5.627030879259109497e-02 7.048624157905578613e-01
-1.235922053456306458e-01 6.931750476360321045e-02 -1.499998569488525391e-02 5.627017840743064880e-02 -7.048661708831787109e-01 5.627030879259109497e-02 7.048624157905578613e-01
-1.235922053456306458e-01 6.931750476360321045e-02 -1.499998569488525391e-02 5.627017840743064880e-02 -7.048661708831787109e-01 5.627030879259109497e-02 7.048624157905578613e-01
-1.235922053456306458e-01 6.931750476360321045e-02 -1.499998569488525391e-02 5.627017840743064880e-02 -7.048661708831787109e-01 5.627030879259109497e-02 7.048624157905578613e-01
-1.235922053456306458e-01 6.931750476360321045e-02 -1.499998569488525391e-02 5.627017840743064880e-02 -7.048661708831787109e-01 5.627030879259109497e-02 7.048624157905578613e-01
-1.235922053456306458e-01 6.931750476360321045e-02 -1.499998569488525391e-02 5.627017840743064880e-02 -7.048661708831787109e-01 5.627030879259109497e-02 7.048624157905578613e-01
-1.235922053456306458e-01 6.931750476360321045e-02 -1.499998569488525391e-02 5.627017840743064880e-02 -7.048661708831787109e-01 5.627030879259109497e-02 7.048624157905578613e-01
-1.235922053456306458e-01 6.931750476360321045e-02 -1.499998569488525391e-02 5.627017840743064880e-02 -7.048661708831787109e-01 5.627030879259109497e-02 7.048624157905578613e-01
-1.235922053456306458e-01 6.931750476360321045e-02 -1.499998569488525391e-02 5.627017840743064880e-02 -7.048661708831787109e-01 5.627030879259109497e-02 7.048624157905578613e-01
-1.235922053456306458e-01 6.931750476360321045e-02 -1.499998569488525391e-02 5.627017840743064880e-02 -7.048661708831787109e-01 5.627030879259109497e-02 7.048624157905578613e-01
-1.235922053456306458e-01 6.931750476360321045e-02 -1.499998569488525391e-02 5.627017840743064880e-02 -7.048661708831787109e-01 5.627030879259109497e-02 7.048624157905578613e-01
-1.235922053456306458e-01 6.931750476360321045e-02 -1.499998569488525391e-02 5.627017840743064880e-02 -7.048661708831787109e-01 5.627030879259109497e-02 7.048624157905578613e-01
-1.235922053456306458e-01 6.931750476360321045e-02 -1.499998569488525391e-02 5.627017840743064880e-02 -7.048661708831787109e-01 5.627030879259109497e-02 7.048624157905578613e-01
-1.235922053456306458e-01 6.931750476360321045e-02 -1.499998569488525391e-02 5.627017840743064880e-02 -7.048661708831787109e-01 5.627030879259109497e-02 7.048624157905578613e-01
-1.235922053456306458e-01 6.931750476360321045e-02 -1.499998569488525391e-02 5.627017840743064880e-02 -7.048661708831787109e-01 5.627030879259109497e-02 7.048624157905578613e-01
-1.202187538146972656e-01 6.965041905641555786e-02 -1.499998569488525391e-02 -4.232162144035100937e-03 -7.070965170860290527e-01 -4.235681612044572830e-03 7.070917487144470215e-01
-1.202187538146972656e-01 6.965041905641555786e-02 -1.499995589256286621e-02 -4.230401013046503067e-03 -7.070964574813842773e-01 -4.233922343701124191e-03 7.070917487144470215e-01
-1.202187463641166687e-01 6.965041905641555786e-02 -1.499998569488525391e-02 -4.228639882057905197e-03 -7.070963978767395020e-01 -4.235681612044572830e-03 7.070918083190917969e-01
-1.202187538146972656e-01 6.965041905641555786e-02 -1.499998569488525391e-02 -4.232162144035100937e-03 -7.070965170860290527e-01 -4.235681612044572830e-03 7.070917487144470215e-01
-1.202187538146972656e-01 6.965041160583496094e-02 -1.500001549720764160e-02 -4.232162144035100937e-03 -7.070964574813842773e-01 -4.235681612044572830e-03 7.070917487144470215e-01
-1.202187463641166687e-01 6.965041905641555786e-02 -1.499998569488525391e-02 -4.232162144035100937e-03 -7.070965766906738281e-01 -4.235681612044572830e-03 7.070916295051574707e-01
-1.202187538146972656e-01 6.965041160583496094e-02 -1.499998569488525391e-02 -4.228639882057905197e-03 -7.070963978767395020e-01 -4.235681612044572830e-03 7.070918083190917969e-01
-1.202187538146972656e-01 6.965041905641555786e-02 -1.499998569488525391e-02 -4.232162144035100937e-03 -7.070965170860290527e-01 -4.235681612044572830e-03 7.070917487144470215e-01
-1.202187538146972656e-01 6.965041905641555786e-02 -1.499995589256286621e-02 -4.230401013046503067e-03 -7.070964574813842773e-01 -4.233922343701124191e-03 7.070917487144470215e-01
-1.202187463641166687e-01 6.965041905641555786e-02 -1.499998569488525391e-02 -4.228639882057905197e-03 -7.070963978767395020e-01 -4.235681612044572830e-03 7.070918083190917969e-01
-1.202187538146972656e-01 6.965041905641555786e-02 -1.499998569488525391e-02 -4.232162144035100937e-03 -7.070965170860290527e-01 -4.235681612044572830e-03 7.070917487144470215e-01
-1.202187538146972656e-01 6.965041160583496094e-02 -1.500001549720764160e-02 -4.232162144035100937e-03 -7.070964574813842773e-01 -4.235681612044572830e-03 7.070917487144470215e-01
-1.202187463641166687e-01 6.965041905641555786e-02 -1.499998569488525391e-02 -4.232162144035100937e-03 -7.070965766906738281e-01 -4.235681612044572830e-03 7.070916295051574707e-01
-1.202187538146972656e-01 6.965041160583496094e-02 -1.499998569488525391e-02 -4.228639882057905197e-03 -7.070963978767395020e-01 -4.235681612044572830e-03 7.070918083190917969e-01
-1.202187538146972656e-01 6.965041905641555786e-02 -1.499998569488525391e-02 -4.232162144035100937e-03 -7.070965170860290527e-01 -4.235681612044572830e-03 7.070917487144470215e-01
-1.202187538146972656e-01 6.965041905641555786e-02 -1.499995589256286621e-02 -4.230401013046503067e-03 -7.070964574813842773e-01 -4.233922343701124191e-03 7.070917487144470215e-01
-1.202187463641166687e-01 6.965041905641555786e-02 -1.499998569488525391e-02 -4.228639882057905197e-03 -7.070963978767395020e-01 -4.235681612044572830e-03 7.070918083190917969e-01
-1.202187538146972656e-01 6.965041905641555786e-02 -1.499998569488525391e-02 -4.232162144035100937e-03 -7.070965170860290527e-01 -4.235681612044572830e-03 7.070917487144470215e-01
-1.202187538146972656e-01 6.965041160583496094e-02 -1.500001549720764160e-02 -4.232162144035100937e-03 -7.070964574813842773e-01 -4.235681612044572830e-03 7.070917487144470215e-01
-1.202187463641166687e-01 6.965041905641555786e-02 -1.499998569488525391e-02 -4.232162144035100937e-03 -7.070965766906738281e-01 -4.235681612044572830e-03 7.070916295051574707e-01
-1.202187538146972656e-01 6.965041160583496094e-02 -1.499998569488525391e-02 -4.228639882057905197e-03 -7.070963978767395020e-01 -4.235681612044572830e-03 7.070918083190917969e-01
-1.202187538146972656e-01 6.965041905641555786e-02 -1.499995589256286621e-02 -4.230401013046503067e-03 -7.070964574813842773e-01 -4.233922343701124191e-03 7.070917487144470215e-01
-1.202187538146972656e-01 6.965041905641555786e-02 -1.499998569488525391e-02 -4.232162144035100937e-03 -7.070965170860290527e-01 -4.235681612044572830e-03 7.070917487144470215e-01
-1.202187538146972656e-01 6.965041905641555786e-02 -1.499995589256286621e-02 -4.230401013046503067e-03 -7.070964574813842773e-01 -4.233922343701124191e-03 7.070917487144470215e-01
-1.202187463641166687e-01 6.965041905641555786e-02 -1.499998569488525391e-02 -4.228639882057905197e-03 -7.070963978767395020e-01 -4.235681612044572830e-03 7.070918083190917969e-01
-1.202187538146972656e-01 6.965041905641555786e-02 -1.499998569488525391e-02 -4.232162144035100937e-03 -7.070965170860290527e-01 -4.235681612044572830e-03 7.070917487144470215e-01
-1.202187538146972656e-01 6.965041160583496094e-02 -1.500001549720764160e-02 -4.232162144035100937e-03 -7.070964574813842773e-01 -4.235681612044572830e-03 7.070917487144470215e-01
-1.202187463641166687e-01 6.965041905641555786e-02 -1.499998569488525391e-02 -4.232162144035100937e-03 -7.070965766906738281e-01 -4.235681612044572830e-03 7.070916295051574707e-01
-1.202187538146972656e-01 6.965041160583496094e-02 -1.499998569488525391e-02 -4.228639882057905197e-03 -7.070963978767395020e-01 -4.235681612044572830e-03 7.070918083190917969e-01
-1.202187538146972656e-01 6.965041905641555786e-02 -1.499995589256286621e-02 -4.230401013046503067e-03 -7.070964574813842773e-01 -4.233922343701124191e-03 7.070917487144470215e-01
-1.202187463641166687e-01 6.965041905641555786e-02 -1.499998569488525391e-02 -4.228639882057905197e-03 -7.070963978767395020e-01 -4.235681612044572830e-03 7.070918083190917969e-01
-1.202187538146972656e-01 6.965041905641555786e-02 -1.499998569488525391e-02 -4.232162144035100937e-03 -7.070965170860290527e-01 -4.235681612044572830e-03 7.070917487144470215e-01
-1.202187538146972656e-01 6.965041160583496094e-02 -1.500001549720764160e-02 -4.232162144035100937e-03 -7.070964574813842773e-01 -4.235681612044572830e-03 7.070917487144470215e-01
-1.202187463641166687e-01 6.965041905641555786e-02 -1.499998569488525391e-02 -4.232162144035100937e-03 -7.070965766906738281e-01 -4.235681612044572830e-03 7.070916295051574707e-01
-1.202187538146972656e-01 6.965041160583496094e-02 -1.499998569488525391e-02 -4.228639882057905197e-03 -7.070963978767395020e-01 -4.235681612044572830e-03 7.070918083190917969e-01
-1.202187538146972656e-01 6.965041905641555786e-02 -1.499998569488525391e-02 -4.232162144035100937e-03 -7.070965170860290527e-01 -4.235681612044572830e-03 7.070917487144470215e-01
-1.202187538146972656e-01 6.965041905641555786e-02 -1.499995589256286621e-02 -4.230401013046503067e-03 -7.070964574813842773e-01 -4.233922343701124191e-03 7.070917487144470215e-01
-1.202187463641166687e-01 6.965041905641555786e-02 -1.499998569488525391e-02 -4.228639882057905197e-03 -7.070963978767395020e-01 -4.235681612044572830e-03 7.070918083190917969e-01
-1.202187538146972656e-01 6.965041905641555786e-02 -1.499998569488525391e-02 -4.232162144035100937e-03 -7.070965170860290527e-01 -4.235681612044572830e-03 7.070917487144470215e-01
-1.202187538146972656e-01 6.965041160583496094e-02 -1.500001549720764160e-02 -4.232162144035100937e-03 -7.070964574813842773e-01 -4.235681612044572830e-03 7.070917487144470215e-01
-1.202187463641166687e-01 6.965041905641555786e-02 -1.499998569488525391e-02 -4.232162144035100937e-03 -7.070965766906738281e-01 -4.235681612044572830e-03 7.070916295051574707e-01
-1.202187538146972656e-01 6.965041160583496094e-02 -1.499998569488525391e-02 -4.228639882057905197e-03 -7.070963978767395020e-01 -4.235681612044572830e-03 7.070918083190917969e-01
-1.202187538146972656e-01 6.965041905641555786e-02 -1.499998569488525391e-02 -4.232162144035100937e-03 -7.070965170860290527e-01 -4.235681612044572830e-03 7.070917487144470215e-01
-1.202187538146972656e-01 6.965041905641555786e-02 -1.499995589256286621e-02 -4.230401013046503067e-03 -7.070964574813842773e-01 -4.233922343701124191e-03 7.070917487144470215e-01
-1.202187463641166687e-01 6.965041905641555786e-02 -1.499998569488525391e-02 -4.228639882057905197e-03 -7.070963978767395020e-01 -4.235681612044572830e-03 7.070918083190917969e-01
-1.202187538146972656e-01 6.965041905641555786e-02 -1.499998569488525391e-02 -4.232162144035100937e-03 -7.070965170860290527e-01 -4.235681612044572830e-03 7.070917487144470215e-01
-1.202187538146972656e-01 6.965041160583496094e-02 -1.500001549720764160e-02 -4.232162144035100937e-03 -7.070964574813842773e-01 -4.235681612044572830e-03 7.070917487144470215e-01
-1.202187538146972656e-01 6.965041905641555786e-02 -1.499995589256286621e-02 -4.230401013046503067e-03 -7.070964574813842773e-01 -4.233922343701124191e-03 7.070917487144470215e-01
-1.202187463641166687e-01 6.965041905641555786e-02 -1.499998569488525391e-02 -4.228639882057905197e-03 -7.070963978767395020e-01 -4.235681612044572830e-03 7.070918083190917969e-01
-1.202187538146972656e-01 6.965041905641555786e-02 -1.499998569488525391e-02 -4.232162144035100937e-03 -7.070965170860290527e-01 -4.235681612044572830e-03 7.070917487144470215e-01
-1.202187538146972656e-01 6.965041160583496094e-02 -1.500001549720764160e-02 -4.232162144035100937e-03 -7.070964574813842773e-01 -4.235681612044572830e-03 7.070917487144470215e-01
-1.202187463641166687e-01 6.965041905641555786e-02 -1.499998569488525391e-02 -4.232162144035100937e-03 -7.070965766906738281e-01 -4.235681612044572830e-03 7.070916295051574707e-01
-1.202187538146972656e-01 6.965041160583496094e-02 -1.499998569488525391e-02 -4.228639882057905197e-03 -7.070963978767395020e-01 -4.235681612044572830e-03 7.070918083190917969e-01
-1.202187538146972656e-01 6.965041905641555786e-02 -1.499998569488525391e-02 -4.232162144035100937e-03 -7.070965170860290527e-01 -4.235681612044572830e-03 7.070917487144470215e-01
-1.202187538146972656e-01 6.965041905641555786e-02 -1.499995589256286621e-02 -4.230401013046503067e-03 -7.070964574813842773e-01 -4.233922343701124191e-03 7.070917487144470215e-01
-1.202187463641166687e-01 6.965041905641555786e-02 -1.499998569488525391e-02 -4.228639882057905197e-03 -7.070963978767395020e-01 -4.235681612044572830e-03 7.070918083190917969e-01
-1.202187538146972656e-01 6.965041905641555786e-02 -1.499998569488525391e-02 -4.232162144035100937e-03 -7.070965170860290527e-01 -4.235681612044572830e-03 7.070917487144470215e-01
-1.202187538146972656e-01 6.965041160583496094e-02 -1.500001549720764160e-02 -4.232162144035100937e-03 -7.070964574813842773e-01 -4.235681612044572830e-03 7.070917487144470215e-01
-1.202187463641166687e-01 6.965041905641555786e-02 -1.499998569488525391e-02 -4.232162144035100937e-03 -7.070965766906738281e-01 -4.235681612044572830e-03 7.070916295051574707e-01
-1.202187538146972656e-01 6.965041160583496094e-02 -1.499998569488525391e-02 -4.228639882057905197e-03 -7.070963978767395020e-01 -4.235681612044572830e-03 7.070918083190917969e-01
-1.202187538146972656e-01 6.965041905641555786e-02 -1.499998569488525391e-02 -4.232162144035100937e-03 -7.070965170860290527e-01 -4.235681612044572830e-03 7.070917487144470215e-01
-1.202187538146972656e-01 6.965041905641555786e-02 -1.499995589256286621e-02 -4.230401013046503067e-03 -7.070964574813842773e-01 -4.233922343701124191e-03 7.070917487144470215e-01
-1.202187463641166687e-01 6.965041905641555786e-02 -1.499998569488525391e-02 -4.228639882057905197e-03 -7.070963978767395020e-01 -4.235681612044572830e-03 7.070918083190917969e-01
-1.202187538146972656e-01 6.965041905641555786e-02 -1.499998569488525391e-02 -4.232162144035100937e-03 -7.070965170860290527e-01 -4.235681612044572830e-03 7.070917487144470215e-01
-1.202187538146972656e-01 6.965041160583496094e-02 -1.500001549720764160e-02 -4.232162144035100937e-03 -7.070964574813842773e-01 -4.235681612044572830e-03 7.070917487144470215e-01
-1.202187463641166687e-01 6.965041905641555786e-02 -1.499998569488525391e-02 -4.232162144035100937e-03 -7.070965766906738281e-01 -4.235681612044572830e-03 7.070916295051574707e-01
-1.202187538146972656e-01 6.965041160583496094e-02 -1.499998569488525391e-02 -4.228639882057905197e-03 -7.070963978767395020e-01 -4.235681612044572830e-03 7.070918083190917969e-01
-1.202187538146972656e-01 6.965041905641555786e-02 -1.499998569488525391e-02 -4.232162144035100937e-03 -7.070965170860290527e-01 -4.235681612044572830e-03 7.070917487144470215e-01
-1.202187538146972656e-01 6.965041905641555786e-02 -1.499995589256286621e-02 -4.230401013046503067e-03 -7.070964574813842773e-01 -4.233922343701124191e-03 7.070917487144470215e-01
-1.202187463641166687e-01 6.965041905641555786e-02 -1.499998569488525391e-02 -4.228639882057905197e-03 -7.070963978767395020e-01 -4.235681612044572830e-03 7.070918083190917969e-01
-1.202187538146972656e-01 6.965041905641555786e-02 -1.499998569488525391e-02 -4.232162144035100937e-03 -7.070965170860290527e-01 -4.235681612044572830e-03 7.070917487144470215e-01
-1.202187538146972656e-01 6.965041160583496094e-02 -1.500001549720764160e-02 -4.232162144035100937e-03 -7.070964574813842773e-01 -4.235681612044572830e-03 7.070917487144470215e-01
-1.202187463641166687e-01 6.965041905641555786e-02 -1.499998569488525391e-02 -4.232162144035100937e-03 -7.070965766906738281e-01 -4.235681612044572830e-03 7.070916295051574707e-01
-1.202187538146972656e-01 6.965041160583496094e-02 -1.499998569488525391e-02 -4.228639882057905197e-03 -7.070963978767395020e-01 -4.235681612044572830e-03 7.070918083190917969e-01
-1.202187538146972656e-01 6.965041905641555786e-02 -1.499998569488525391e-02 -4.232162144035100937e-03 -7.070965170860290527e-01 -4.235681612044572830e-03 7.070917487144470215e-01
-1.202187538146972656e-01 6.965041905641555786e-02 -1.499995589256286621e-02 -4.230401013046503067e-03 -7.070964574813842773e-01 -4.233922343701124191e-03 7.070917487144470215e-01
-1.202187463641166687e-01 6.965041905641555786e-02 -1.499998569488525391e-02 -4.228639882057905197e-03 -7.070963978767395020e-01 -4.235681612044572830e-03 7.070918083190917969e-01
-1.202187538146972656e-01 6.965041905641555786e-02 -1.499998569488525391e-02 -4.232162144035100937e-03 -7.070965170860290527e-01 -4.235681612044572830e-03 7.070917487144470215e-01
-1.202187538146972656e-01 6.965041160583496094e-02 -1.500001549720764160e-02 -4.232162144035100937e-03 -7.070964574813842773e-01 -4.235681612044572830e-03 7.070917487144470215e-01
-1.202187463641166687e-01 6.965041905641555786e-02 -1.499998569488525391e-02 -4.232162144035100937e-03 -7.070965766906738281e-01 -4.235681612044572830e-03 7.070916295051574707e-01
-1.202187538146972656e-01 6.965041160583496094e-02 -1.499998569488525391e-02 -4.228639882057905197e-03 -7.070963978767395020e-01 -4.235681612044572830e-03 7.070918083190917969e-01
-1.202187538146972656e-01 6.965041905641555786e-02 -1.499998569488525391e-02 -4.232162144035100937e-03 -7.070965170860290527e-01 -4.235681612044572830e-03 7.070917487144470215e-01
-1.202187538146972656e-01 6.965041905641555786e-02 -1.499995589256286621e-02 -4.230401013046503067e-03 -7.070964574813842773e-01 -4.233922343701124191e-03 7.070917487144470215e-01
-1.202187538146972656e-01 6.965041160583496094e-02 -1.500001549720764160e-02 -4.232162144035100937e-03 -7.070964574813842773e-01 -4.235681612044572830e-03 7.070917487144470215e-01
-1.202187463641166687e-01 6.965041905641555786e-02 -1.499998569488525391e-02 -4.232162144035100937e-03 -7.070965766906738281e-01 -4.235681612044572830e-03 7.070916295051574707e-01
-1.202187538146972656e-01 6.965041160583496094e-02 -1.499998569488525391e-02 -4.228639882057905197e-03 -7.070963978767395020e-01 -4.235681612044572830e-03 7.070918083190917969e-01
-1.202187538146972656e-01 6.965041905641555786e-02 -1.499998569488525391e-02 -4.232162144035100937e-03 -7.070965170860290527e-01 -4.235681612044572830e-03 7.070917487144470215e-01
-1.202187538146972656e-01 6.965041905641555786e-02 -1.499995589256286621e-02 -4.230401013046503067e-03 -7.070964574813842773e-01 -4.233922343701124191e-03 7.070917487144470215e-01
-1.202187463641166687e-01 6.965041905641555786e-02 -1.499998569488525391e-02 -4.228639882057905197e-03 -7.070963978767395020e-01 -4.235681612044572830e-03 7.070918083190917969e-01
-1.202187538146972656e-01 6.965041905641555786e-02 -1.499998569488525391e-02 -4.232162144035100937e-03 -7.070965170860290527e-01 -4.235681612044572830e-03 7.070917487144470215e-01
-1.202187538146972656e-01 6.965041160583496094e-02 -1.500001549720764160e-02 -4.232162144035100937e-03 -7.070964574813842773e-01 -4.235681612044572830e-03 7.070917487144470215e-01
-1.202187463641166687e-01 6.965041905641555786e-02 -1.499998569488525391e-02 -4.232162144035100937e-03 -7.070965766906738281e-01 -4.235681612044572830e-03 7.070916295051574707e-01
-1.202187538146972656e-01 6.965041160583496094e-02 -1.499998569488525391e-02 -4.228639882057905197e-03 -7.070963978767395020e-01 -4.235681612044572830e-03 7.070918083190917969e-01
-1.202187538146972656e-01 6.965041905641555786e-02 -1.499998569488525391e-02 -4.232162144035100937e-03 -7.070965170860290527e-01 -4.235681612044572830e-03 7.070917487144470215e-01
-1.202187538146972656e-01 6.965041905641555786e-02 -1.499995589256286621e-02 -4.230401013046503067e-03 -7.070964574813842773e-01 -4.233922343701124191e-03 7.070917487144470215e-01
-1.202187463641166687e-01 6.965041905641555786e-02 -1.499998569488525391e-02 -4.228639882057905197e-03 -7.070963978767395020e-01 -4.235681612044572830e-03 7.070918083190917969e-01
-1.202187538146972656e-01 6.965041905641555786e-02 -1.499998569488525391e-02 -4.232162144035100937e-03 -7.070965170860290527e-01 -4.235681612044572830e-03 7.070917487144470215e-01
-1.202187538146972656e-01 6.965041160583496094e-02 -1.500001549720764160e-02 -4.232162144035100937e-03 -7.070964574813842773e-01 -4.235681612044572830e-03 7.070917487144470215e-01
-1.202187463641166687e-01 6.965041905641555786e-02 -1.499998569488525391e-02 -4.232162144035100937e-03 -7.070965766906738281e-01 -4.235681612044572830e-03 7.070916295051574707e-01
-1.202187538146972656e-01 6.965041160583496094e-02 -1.499998569488525391e-02 -4.228639882057905197e-03 -7.070963978767395020e-01 -4.235681612044572830e-03 7.070918083190917969e-01
-1.202187538146972656e-01 6.965041905641555786e-02 -1.499998569488525391e-02 -4.232162144035100937e-03 -7.070965170860290527e-01 -4.235681612044572830e-03 7.070917487144470215e-01
-1.202187538146972656e-01 6.965041905641555786e-02 -1.499995589256286621e-02 -4.230401013046503067e-03 -7.070964574813842773e-01 -4.233922343701124191e-03 7.070917487144470215e-01
-1.202187463641166687e-01 6.965041905641555786e-02 -1.499998569488525391e-02 -4.228639882057905197e-03 -7.070963978767395020e-01 -4.235681612044572830e-03 7.070918083190917969e-01
-1.202187538146972656e-01 6.965041905641555786e-02 -1.499998569488525391e-02 -4.232162144035100937e-03 -7.070965170860290527e-01 -4.235681612044572830e-03 7.070917487144470215e-01
-1.202187538146972656e-01 6.965041160583496094e-02 -1.500001549720764160e-02 -4.232162144035100937e-03 -7.070964574813842773e-01 -4.235681612044572830e-03 7.070917487144470215e-01
-1.202187463641166687e-01 6.965041905641555786e-02 -1.499998569488525391e-02 -4.232162144035100937e-03 -7.070965766906738281e-01 -4.235681612044572830e-03 7.070916295051574707e-01
-1.202187463641166687e-01 6.965041905641555786e-02 -1.499998569488525391e-02 -4.228639882057905197e-03 -7.070963978767395020e-01 -4.235681612044572830e-03 7.070918083190917969e-01
-1.202187538146972656e-01 6.965041905641555786e-02 -1.499998569488525391e-02 -4.232162144035100937e-03 -7.070965170860290527e-01 -4.235681612044572830e-03 7.070917487144470215e-01
-1.202187538146972656e-01 6.965041160583496094e-02 -1.500001549720764160e-02 -4.232162144035100937e-03 -7.070964574813842773e-01 -4.235681612044572830e-03 7.070917487144470215e-01
-1.202187463641166687e-01 6.965041905641555786e-02 -1.499998569488525391e-02 -4.232162144035100937e-03 -7.070965766906738281e-01 -4.235681612044572830e-03 7.070916295051574707e-01
-1.202187538146972656e-01 6.965041160583496094e-02 -1.499998569488525391e-02 -4.228639882057905197e-03 -7.070963978767395020e-01 -4.235681612044572830e-03 7.070918083190917969e-01
-1.202187538146972656e-01 6.965041905641555786e-02 -1.499998569488525391e-02 -4.232162144035100937e-03 -7.070965170860290527e-01 -4.235681612044572830e-03 7.070917487144470215e-01
-1.202187538146972656e-01 6.965041905641555786e-02 -1.499995589256286621e-02 -4.230401013046503067e-03 -7.070964574813842773e-01 -4.233922343701124191e-03 7.070917487144470215e-01
-1.202187463641166687e-01 6.965041905641555786e-02 -1.499998569488525391e-02 -4.228639882057905197e-03 -7.070963978767395020e-01 -4.235681612044572830e-03 7.070918083190917969e-01
-1.202187538146972656e-01 6.965041905641555786e-02 -1.499998569488525391e-02 -4.232162144035100937e-03 -7.070965170860290527e-01 -4.235681612044572830e-03 7.070917487144470215e-01
-1.202187538146972656e-01 6.965041160583496094e-02 -1.500001549720764160e-02 -4.232162144035100937e-03 -7.070964574813842773e-01 -4.235681612044572830e-03 7.070917487144470215e-01
-1.202187463641166687e-01 6.965041905641555786e-02 -1.499998569488525391e-02 -4.232162144035100937e-03 -7.070965766906738281e-01 -4.235681612044572830e-03 7.070916295051574707e-01
-1.202187538146972656e-01 6.965041160583496094e-02 -1.499998569488525391e-02 -4.228639882057905197e-03 -7.070963978767395020e-01 -4.235681612044572830e-03 7.070918083190917969e-01
-1.202187538146972656e-01 6.965041905641555786e-02 -1.499998569488525391e-02 -4.232162144035100937e-03 -7.070965170860290527e-01 -4.235681612044572830e-03 7.070917487144470215e-01
-1.202187538146972656e-01 6.965041905641555786e-02 -1.499995589256286621e-02 -4.230401013046503067e-03 -7.070964574813842773e-01 -4.233922343701124191e-03 7.070917487144470215e-01
-1.202187463641166687e-01 6.965041905641555786e-02 -1.499998569488525391e-02 -4.228639882057905197e-03 -7.070963978767395020e-01 -4.235681612044572830e-03 7.070918083190917969e-01
-1.202187538146972656e-01 6.965041905641555786e-02 -1.499998569488525391e-02 -4.232162144035100937e-03 -7.070965170860290527e-01 -4.235681612044572830e-03 7.070917487144470215e-01
-1.202187538146972656e-01 6.965041160583496094e-02 -1.500001549720764160e-02 -4.232162144035100937e-03 -7.070964574813842773e-01 -4.235681612044572830e-03 7.070917487144470215e-01
