-2.001706957817077637e-01 6.746797263622283936e-02 -1.499998569488525391e-02 -1.151738408952951431e-02 -7.070111632347106934e-01 -1.151997130364179611e-02 7.070147395133972168e-01
-2.001706957817077637e-01 6.746798008680343628e-02 -1.499998569488525391e-02 -1.151932496577501297e-02 -7.070112824440002441e-01 -1.151932496577501297e-02 7.070145606994628906e-01
-2.001706957817077637e-01 6.746797263622283936e-02 -1.499998569488525391e-02 -1.151932496577501297e-02 -7.070112824440002441e-01 -1.151932496577501297e-02 7.070145606994628906e-01
-2.001706957817077637e-01 6.746798008680343628e-02 -1.499998569488525391e-02 -1.151932496577501297e-02 -7.070112824440002441e-01 -1.151997130364179611e-02 7.070145606994628906e-01
-2.001706957817077637e-01 6.746797263622283936e-02 -1.499998569488525391e-02 -1.151738408952951431e-02 -7.070112228393554688e-01 -1.151997130364179611e-02 7.070146799087524414e-01
-2.001706957817077637e-01 6.746798008680343628e-02 -1.499998569488525391e-02 -1.151738408952951431e-02 -7.070112228393554688e-01 -1.151997130364179611e-02 7.070146799087524414e-01
-2.001706957817077637e-01 6.746798008680343628e-02 -1.499998569488525391e-02 -1.151803135871887207e-02 -7.070111632347106934e-01 -1.151997130364179611e-02 7.070146799087524414e-01
-2.001706957817077637e-01 6.746797263622283936e-02 -1.499998569488525391e-02 -1.151738408952951431e-02 -7.070112228393554688e-01 -1.151997130364179611e-02 7.070146799087524414e-01
-2.001706957817077637e-01 6.746798753738403320e-02 -1.499998569488525391e-02 -1.151932496577501297e-02 -7.070112824440002441e-01 -1.151997130364179611e-02 7.070146203041076660e-01
-2.001706957817077637e-01 6.746797263622283936e-02 -1.499998569488525391e-02 -1.151738408952951431e-02 -7.070112824440002441e-01 -1.151997130364179611e-02 7.070146203041076660e-01
-2.001706957817077637e-01 6.746798008680343628e-02 -1.499998569488525391e-02 -1.151803135871887207e-02 -7.070112824440002441e-01 -1.151997130364179611e-02 7.070145606994628906e-01
-2.001706957817077637e-01 6.746798008680343628e-02 -1.499998569488525391e-02 -1.151803135871887207e-02 -7.070111632347106934e-01 -1.151997130364179611e-02 7.070146799087524414e-01
-2.001706957817077637e-01 6.746797263622283936e-02 -1.499998569488525391e-02 -1.151997130364179611e-02 -7.070114016532897949e-01 -1.152061857283115387e-02 7.070145010948181152e-01
-2.001707106828689575e-01 6.746798008680343628e-02 -1.499998569488525391e-02 -1.151803135871887207e-02 -7.070112228393554688e-01 -1.151997130364179611e-02 7.070146799087524414e-01
-2.001706957817077637e-01 6.746797263622283936e-02 -1.499998569488525391e-02 -1.152191124856472015e-02 -7.070114016532897949e-01 -1.151997130364179611e-02 7.070145010948181152e-01
-2.001706957817077637e-01 6.746798008680343628e-02 -1.499998569488525391e-02 -1.151738408952951431e-02 -7.070112228393554688e-01 -1.151997130364179611e-02 7.070146799087524414e-01
-2.001706957817077637e-01 6.746798008680343628e-02 -1.499998569488525391e-02 -1.151738408952951431e-02 -7.070112824440002441e-01 -1.151997130364179611e-02 7.070146203041076660e-01
-2.001706957817077637e-01 6.746798008680343628e-02 -1.499998569488525391e-02 -1.152191124856472015e-02 -7.070113420486450195e-01 -1.151932496577501297e-02 7.070145010948181152e-01
-2.001707106828689575e-01 6.746798008680343628e-02 -1.499998569488525391e-02 -1.151932496577501297e-02 -7.070112228393554688e-01 -1.151997130364179611e-02 7.070146799087524414e-01
-2.001706957817077637e-01 6.746798008680343628e-02 -1.499998569488525391e-02 -1.151738408952951431e-02 -7.070114016532897949e-01 -1.151997130364179611e-02 7.070145606994628906e-01
-2.001706957817077637e-01 6.746798008680343628e-02 -1.499998569488525391e-02 -1.151932496577501297e-02 -7.070112824440002441e-01 -1.151932496577501297e-02 7.070145606994628906e-01
-2.001706957817077637e-01 6.746798008680343628e-02 -1.499998569488525391e-02 -1.151738408952951431e-02 -7.070114016532897949e-01 -1.151932496577501297e-02 7.070145010948181152e-01
-2.001706957817077637e-01 6.746798753738403320e-02 -1.499998569488525391e-02 -1.152191124856472015e-02 -7.070112824440002441e-01 -1.151932496577501297e-02 7.070145606994628906e-01
-2.001706957817077637e-01 6.746798008680343628e-02 -1.499998569488525391e-02 -1.151997130364179611e-02 -7.070111632347106934e-01 -1.151932496577501297e-02 7.070146799087524414e-01
-2.001706957817077637e-01 6.746797263622283936e-02 -1.499998569488525391e-02 -1.151997130364179611e-02 -7.070112824440002441e-01 -1.152061857283115387e-02 7.070145606994628906e-01
-2.001706957817077637e-01 6.746798753738403320e-02 -1.499998569488525391e-02 -1.151932496577501297e-02 -7.070112824440002441e-01 -1.151932496577501297e-02 7.070145606994628906e-01
-2.001706957817077637e-01 6.746798008680343628e-02 -1.499998569488525391e-02 -1.151932496577501297e-02 -7.070112824440002441e-01 -1.151997130364179611e-02 7.070145606994628906e-01
-2.001706957817077637e-01 6.746797263622283936e-02 -1.499998569488525391e-02 -1.151738408952951431e-02 -7.070112228393554688e-01 -1.151997130364179611e-02 7.070146799087524414e-01
-2.001706957817077637e-01 6.746798008680343628e-02 -1.499998569488525391e-02 -1.151738408952951431e-02 -7.070112228393554688e-01 -1.151997130364179611e-02 7.070146799087524414e-01
-2.001706957817077637e-01 6.746798008680343628e-02 -1.499998569488525391e-02 -1.151803135871887207e-02 -7.070111632347106934e-01 -1.151997130364179611e-02 7.070146799087524414e-01
-2.001706957817077637e-01 6.746797263622283936e-02 -1.499998569488525391e-02 -1.151738408952951431e-02 -7.070112228393554688e-01 -1.151997130364179611e-02 7.070146799087524414e-01
-2.001706957817077637e-01 6.746798753738403320e-02 -1.499998569488525391e-02 -1.151932496577501297e-02 -7.070112824440002441e-01 -1.151997130364179611e-02 7.070146203041076660e-01
-2.001706957817077637e-01 6.746797263622283936e-02 -1.499998569488525391e-02 -1.151738408952951431e-02 -7.070112824440002441e-01 -1.151997130364179611e-02 7.070146203041076660e-01
-2.001706957817077637e-01 6.746798008680343628e-02 -1.499998569488525391e-02 -1.152061857283115387e-02 -7.070114016532897949e-01 -1.151997130364179611e-02 7.070144414901733398e-01
-2.001706957817077637e-01 6.746797263622283936e-02 -1.499998569488525391e-02 -1.151997130364179611e-02 -7.070112824440002441e-01 -1.151932496577501297e-02 7.070145606994628906e-01
-2.001707106828689575e-01 6.746797263622283936e-02 -1.499998569488525391e-02 -1.151803135871887207e-02 -7.070111632347106934e-01 -1.151997130364179611e-02 7.070146799087524414e-01
-2.001706957817077637e-01 6.746798753738403320e-02 -1.499998569488525391e-02 -1.151803135871887207e-02 -7.070112824440002441e-01 -1.151997130364179611e-02 7.070146203041076660e-01
-2.001706957817077637e-01 6.746798753738403320e-02 -1.499998569488525391e-02 -1.151997130364179611e-02 -7.070112824440002441e-01 -1.152061857283115387e-02 7.070145606994628906e-01
-2.001706957817077637e-01 6.746798008680343628e-02 -1.499998569488525391e-02 -1.151803135871887207e-02 -7.070111632347106934e-01 -1.151997130364179611e-02 7.070146799087524414e-01
-2.001706957817077637e-01 6.746798008680343628e-02 -1.499998569488525391e-02 -1.151932496577501297e-02 -7.070113420486450195e-01 -1.151932496577501297e-02 7.070145606994628906e-01
-2.001706957817077637e-01 6.746797263622283936e-02 -1.499998569488525391e-02 -1.151932496577501297e-02 -7.070111632347106934e-01 -1.151997130364179611e-02 7.070147395133972168e-01
-2.001706957817077637e-01 6.746797263622283936e-02 -1.499998569488525391e-02 -1.151738408952951431e-02 -7.070112228393554688e-01 -1.151997130364179611e-02 7.070146799087524414e-01
-2.001706957817077637e-01 6.746797263622283936e-02 -1.499998569488525391e-02 -1.151738408952951431e-02 -7.070112228393554688e-01 -1.151997130364179611e-02 7.070146799087524414e-01
-2.001706957817077637e-01 6.746797263622283936e-02 -1.499998569488525391e-02 -1.151997130364179611e-02 -7.070114016532897949e-01 -1.151932496577501297e-02 7.070144414901733398e-01
-2.001706957817077637e-01 6.746798008680343628e-02 -1.499998569488525391e-02 -1.151932496577501297e-02 -7.070114016532897949e-01 -1.151932496577501297e-02 7.070145010948181152e-01
-2.001706957817077637e-01 6.746798753738403320e-02 -1.499998569488525391e-02 -1.152061857283115387e-02 -7.070114016532897949e-01 -1.151997130364179611e-02 7.070144414901733398e-01
-2.001706957817077637e-01 6.746798008680343628e-02 -1.499998569488525391e-02 -1.151932496577501297e-02 -7.070112228393554688e-01 -1.151997130364179611e-02 7.070146799087524414e-01
-2.001706957817077637e-01 6.746798008680343628e-02 -1.499998569488525391e-02 -1.151997130364179611e-02 -7.070112228393554688e-01 -1.152061857283115387e-02 7.070146799087524414e-01
-2.001706957817077637e-01 6.746798753738403320e-02 -1.499998569488525391e-02 -1.151738408952951431e-02 -7.070112824440002441e-01 -1.151932496577501297e-02 7.070146203041076660e-01
-2.001706957817077637e-01 6.746798753738403320e-02 -1.499998569488525391e-02 -1.151997130364179611e-02 -7.070112824440002441e-01 -1.151932496577501297e-02 7.070145606994628906e-01
-2.001706957817077637e-01 6.746797263622283936e-02 -1.499998569488525391e-02 -1.151738408952951431e-02 -7.070112228393554688e-01 -1.151997130364179611e-02 7.070146799087524414e-01
-2.001706957817077637e-01 6.746798008680343628e-02 -1.499998569488525391e-02 -1.151738408952951431e-02 -7.070112228393554688e-01 -1.151932496577501297e-02 7.070146799087524414e-01
-2.001706957817077637e-01 6.746798008680343628e-02 -1.499998569488525391e-02 -1.151803135871887207e-02 -7.070112824440002441e-01 -1.151997130364179611e-02 7.070145606994628906e-01
-2.001706957817077637e-01 6.746798008680343628e-02 -1.499998569488525391e-02 -1.151803135871887207e-02 -7.070111632347106934e-01 -1.151997130364179611e-02 7.070146799087524414e-01
-2.001706957817077637e-01 6.746797263622283936e-02 -1.499998569488525391e-02 -1.151997130364179611e-02 -7.070114016532897949e-01 -1.152061857283115387e-02 7.070145010948181152e-01
-2.001707106828689575e-01 6.746798008680343628e-02 -1.499998569488525391e-02 -1.151803135871887207e-02 -7.070112228393554688e-01 -1.151997130364179611e-02 7.070146799087524414e-01
-2.001706957817077637e-01 6.746797263622283936e-02 -1.499998569488525391e-02 -1.152191124856472015e-02 -7.070114016532897949e-01 -1.151997130364179611e-02 7.070145010948181152e-01
-2.001706957817077637e-01 6.746798008680343628e-02 -1.499998569488525391e-02 -1.151738408952951431e-02 -7.070112228393554688e-01 -1.151997130364179611e-02 7.070146799087524414e-01
-2.001706957817077637e-01 6.746798008680343628e-02 -1.499998569488525391e-02 -1.151738408952951431e-02 -7.070112824440002441e-01 -1.151997130364179611e-02 7.070146203041076660e-01
-2.001706957817077637e-01 6.746798008680343628e-02 -1.499998569488525391e-02 -1.152191124856472015e-02 -7.070113420486450195e-01 -1.151932496577501297e-02 7.070145010948181152e-01
-2.001707106828689575e-01 6.746798008680343628e-02 -1.499998569488525391e-02 -1.151932496577501297e-02 -7.070112228393554688e-01 -1.151997130364179611e-02 7.070146799087524414e-01
-2.001706957817077637e-01 6.746798008680343628e-02 -1.499998569488525391e-02 -1.151738408952951431e-02 -7.070114016532897949e-01 -1.151997130364179611e-02 7.070145606994628906e-01
-2.001706957817077637e-01 6.746798008680343628e-02 -1.499998569488525391e-02 -1.151932496577501297e-02 -7.070112824440002441e-01 -1.151932496577501297e-02 7.070145606994628906e-01
-2.001706957817077637e-01 6.746798008680343628e-02 -1.499998569488525391e-02 -1.151738408952951431e-02 -7.070114016532897949e-01 -1.151932496577501297e-02 7.070145010948181152e-01
-2.001706957817077637e-01 6.746798753738403320e-02 -1.499998569488525391e-02 -1.152191124856472015e-02 -7.070112824440002441e-01 -1.151932496577501297e-02 7.070145606994628906e-01
-2.001706957817077637e-01 6.746798008680343628e-02 -1.499998569488525391e-02 -1.151997130364179611e-02 -7.070111632347106934e-01 -1.151932496577501297e-02 7.070146799087524414e-01
-2.001706957817077637e-01 6.746797263622283936e-02 -1.499998569488525391e-02 -1.151997130364179611e-02 -7.070112824440002441e-01 -1.152061857283115387e-02 7.070145606994628906e-01
-2.001706957817077637e-01 6.746798753738403320e-02 -1.499998569488525391e-02 -1.151932496577501297e-02 -7.070112824440002441e-01 -1.151932496577501297e-02 7.070145606994628906e-01
-2.001706957817077637e-01 6.746797263622283936e-02 -1.499998569488525391e-02 -1.151738408952951431e-02 -7.070111632347106934e-01 -1.151997130364179611e-02 7.070147395133972168e-01
-2.001706957817077637e-01 6.746798008680343628e-02 -1.499998569488525391e-02 -1.151932496577501297e-02 -7.070112824440002441e-01 -1.151932496577501297e-02 7.070145606994628906e-01
-2.001706957817077637e-01 6.746797263622283936e-02 -1.499998569488525391e-02 -1.151932496577501297e-02 -7.070112824440002441e-01 -1.151932496577501297e-02 7.070145606994628906e-01
-2.001706957817077637e-01 6.746798008680343628e-02 -1.499998569488525391e-02 -1.151932496577501297e-02 -7.070112824440002441e-01 -1.151997130364179611e-02 7.070145606994628906e-01
-2.001706957817077637e-01 6.746797263622283936e-02 -1.499998569488525391e-02 -1.151738408952951431e-02 -7.070112228393554688e-01 -1.151997130364179611e-02 7.070146799087524414e-01
-2.001706957817077637e-01 6.746798008680343628e-02 -1.499998569488525391e-02 -1.151738408952951431e-02 -7.070112228393554688e-01 -1.151997130364179611e-02 7.070146799087524414e-01
-2.001706957817077637e-01 6.746798008680343628e-02 -1.499998569488525391e-02 -1.151803135871887207e-02 -7.070111632347106934e-01 -1.151997130364179611e-02 7.070146799087524414e-01
-2.001706957817077637e-01 6.746797263622283936e-02 -1.499998569488525391e-02 -1.151738408952951431e-02 -7.070112228393554688e-01 -1.151997130364179611e-02 7.070146799087524414e-01
-2.001706957817077637e-01 6.746798753738403320e-02 -1.499998569488525391e-02 -1.151932496577501297e-02 -7.070112824440002441e-01 -1.151997130364179611e-02 7.070146203041076660e-01
-2.001706957817077637e-01 6.746797263622283936e-02 -1.499998569488525391e-02 -1.151738408952951431e-02 -7.070112824440002441e-01 -1.151997130364179611e-02 7.070146203041076660e-01
-2.001706957817077637e-01 6.746798008680343628e-02 -1.499998569488525391e-02 -1.151738408952951431e-02 -7.070112228393554688e-01 -1.151997130364179611e-02 7.070146799087524414e-01
-2.001706957817077637e-01 6.746798008680343628e-02 -1.499998569488525391e-02 -1.152061857283115387e-02 -7.070114016532897949e-01 -1.151997130364179611e-02 7.070144414901733398e-01
-2.001706957817077637e-01 6.746797263622283936e-02 -1.499998569488525391e-02 -1.151997130364179611e-02 -7.070112824440002441e-01 -1.151932496577501297e-02 7.070145606994628906e-01
-2.001707106828689575e-01 6.746797263622283936e-02 -1.499998569488525391e-02 -1.151803135871887207e-02 -7.070111632347106934e-01 -1.151997130364179611e-02 7.070146799087524414e-01
-2.001706957817077637e-01 6.746798753738403320e-02 -1.499998569488525391e-02 -1.151803135871887207e-02 -7.070112824440002441e-01 -1.151997130364179611e-02 7.070146203041076660e-01
-2.001706957817077637e-01 6.746798753738403320e-02 -1.499998569488525391e-02 -1.151997130364179611e-02 -7.070112824440002441e-01 -1.152061857283115387e-02 7.070145606994628906e-01
-2.001706957817077637e-01 6.746798008680343628e-02 -1.499998569488525391e-02 -1.151803135871887207e-02 -7.070111632347106934e-01 -1.151997130364179611e-02 7.070146799087524414e-01
-2.001706957817077637e-01 6.746798008680343628e-02 -1.499998569488525391e-02 -1.151932496577501297e-02 -7.070113420486450195e-01 -1.151932496577501297e-02 7.070145606994628906e-01
-2.001706957817077637e-01 6.746797263622283936e-02 -1.499998569488525391e-02 -1.151932496577501297e-02 -7.070111632347106934e-01 -1.151997130364179611e-02 7.070147395133972168e-01
-2.001706957817077637e-01 6.746797263622283936e-02 -1.499998569488525391e-02 -1.151738408952951431e-02 -7.070112228393554688e-01 -1.151997130364179611e-02 7.070146799087524414e-01
-2.001706957817077637e-01 6.746797263622283936e-02 -1.499998569488525391e-02 -1.151738408952951431e-02 -7.070112228393554688e-01 -1.151997130364179611e-02 7.070146799087524414e-01
-2.001706957817077637e-01 6.746797263622283936e-02 -1.499998569488525391e-02 -1.151997130364179611e-02 -7.070114016532897949e-01 -1.151932496577501297e-02 7.070144414901733398e-01
-2.001706957817077637e-01 6.746798008680343628e-02 -1.499998569488525391e-02 -1.151932496577501297e-02 -7.070114016532897949e-01 -1.151932496577501297e-02 7.070145010948181152e-01
-2.001706957817077637e-01 6.746798753738403320e-02 -1.499998569488525391e-02 -1.152061857283115387e-02 -7.070114016532897949e-01 -1.151997130364179611e-02 7.070144414901733398e-01
-2.001706957817077637e-01 6.746798008680343628e-02 -1.499998569488525391e-02 -1.151932496577501297e-02 -7.070112228393554688e-01 -1.151997130364179611e-02 7.070146799087524414e-01
-2.001706957817077637e-01 6.746798008680343628e-02 -1.499998569488525391e-02 -1.151997130364179611e-02 -7.070112228393554688e-01 -1.152061857283115387e-02 7.070146799087524414e-01
-2.001706957817077637e-01 6.746798753738403320e-02 -1.499998569488525391e-02 -1.151738408952951431e-02 -7.070112824440002441e-01 -1.151932496577501297e-02 7.070146203041076660e-01
-2.001706957817077637e-01 6.746798753738403320e-02 -1.499998569488525391e-02 -1.151997130364179611e-02 -7.070112824440002441e-01 -1.151932496577501297e-02 7.070145606994628906e-01
-2.001706957817077637e-01 6.746797263622283936e-02 -1.499998569488525391e-02 -1.151738408952951431e-02 -7.070112228393554688e-01 -1.151997130364179611e-02 7.070146799087524414e-01
-2.001707106828689575e-01 6.746798008680343628e-02 -1.499998569488525391e-02 -1.151932496577501297e-02 -7.070112228393554688e-01 -1.151997130364179611e-02 7.070146799087524414e-01
-2.001706957817077637e-01 6.746797263622283936e-02 -1.499998569488525391e-02 -1.151997130364179611e-02 -7.070112824440002441e-01 -1.151932496577501297e-02 7.070145606994628906e-01
-2.001706957817077637e-01 6.746798008680343628e-02 -1.499998569488525391e-02 -1.151932496577501297e-02 -7.070112228393554688e-01 -1.151932496577501297e-02 7.070146799087524414e-01
-2.001706957817077637e-01 6.746798008680343628e-02 -1.499998569488525391e-02 -1.151738408952951431e-02 -7.070112228393554688e-01 -1.151932496577501297e-02 7.070146799087524414e-01
-2.001706957817077637e-01 6.746798008680343628e-02 -1.499998569488525391e-02 -1.151803135871887207e-02 -7.070111632347106934e-01 -1.151997130364179611e-02 7.070146799087524414e-01
-2.001706957817077637e-01 6.746797263622283936e-02 -1.499998569488525391e-02 -1.151997130364179611e-02 -7.070114016532897949e-01 -1.152061857283115387e-02 7.070145010948181152e-01
-2.001707106828689575e-01 6.746798008680343628e-02 -1.499998569488525391e-02 -1.151803135871887207e-02 -7.070112228393554688e-01 -1.151997130364179611e-02 7.070146799087524414e-01
-2.001706957817077637e-01 6.746797263622283936e-02 -1.499998569488525391e-02 -1.152191124856472015e-02 -7.070114016532897949e-01 -1.151997130364179611e-02 7.070145010948181152e-01
-2.001706957817077637e-01 6.746798008680343628e-02 -1.499998569488525391e-02 -1.151738408952951431e-02 -7.070112228393554688e-01 -1.151997130364179611e-02 7.070146799087524414e-01
-2.001706957817077637e-01 6.746798008680343628e-02 -1.499998569488525391e-02 -1.151738408952951431e-02 -7.070112824440002441e-01 -1.151997130364179611e-02 7.070146203041076660e-01
-2.001706957817077637e-01 6.746798008680343628e-02 -1.499998569488525391e-02 -1.152191124856472015e-02 -7.070113420486450195e-01 -1.151932496577501297e-02 7.070145010948181152e-01
-2.001707106828689575e-01 6.746798008680343628e-02 -1.499998569488525391e-02 -1.151932496577501297e-02 -7.070112228393554688e-01 -1.151997130364179611e-02 7.070146799087524414e-01
-2.001706957817077637e-01 6.746798008680343628e-02 -1.499998569488525391e-02 -1.151738408952951431e-02 -7.070114016532897949e-01 -1.151997130364179611e-02 7.070145606994628906e-01
-2.001706957817077637e-01 6.746798008680343628e-02 -1.499998569488525391e-02 -1.151932496577501297e-02 -7.070112824440002441e-01 -1.151932496577501297e-02 7.070145606994628906e-01
-2.001706957817077637e-01 6.746797263622283936e-02 -1.499998569488525391e-02 -1.151997130364179611e-02 -7.070112824440002441e-01 -1.152061857283115387e-02 7.070145606994628906e-01
-2.001706957817077637e-01 6.746798753738403320e-02 -1.499998569488525391e-02 -1.151932496577501297e-02 -7.070112824440002441e-01 -1.151932496577501297e-02 7.070145606994628906e-01
-2.001706957817077637e-01 6.746797263622283936e-02 -1.499998569488525391e-02 -1.151738408952951431e-02 -7.070111632347106934e-01 -1.151997130364179611e-02 7.070147395133972168e-01
-2.001706957817077637e-01 6.746798008680343628e-02 -1.499998569488525391e-02 -1.151738408952951431e-02 -7.070112228393554688e-01 -1.151997130364179611e-02 7.070146799087524414e-01
-2.001706957817077637e-01 6.746798008680343628e-02 -1.499998569488525391e-02 -1.151803135871887207e-02 -7.070111632347106934e-01 -1.151997130364179611e-02 7.070146799087524414e-01
-2.001706957817077637e-01 6.746797263622283936e-02 -1.499998569488525391e-02 -1.151738408952951431e-02 -7.070112228393554688e-01 -1.151997130364179611e-02 7.070146799087524414e-01
-2.001706957817077637e-01 6.746798753738403320e-02 -1.499998569488525391e-02 -1.151932496577501297e-02 -7.070112824440002441e-01 -1.151997130364179611e-02 7.070146203041076660e-01
-2.001706957817077637e-01 6.746797263622283936e-02 -1.499998569488525391e-02 -1.151738408952951431e-02 -7.070112824440002441e-01 -1.151997130364179611e-02 7.070146203041076660e-01
-2.001706957817077637e-01 6.746798008680343628e-02 -1.499998569488525391e-02 -1.151738408952951431e-02 -7.070112228393554688e-01 -1.151997130364179611e-02 7.070146799087524414e-01
-2.001706957817077637e-01 6.746798008680343628e-02 -1.499998569488525391e-02 -1.152061857283115387e-02 -7.070114016532897949e-01 -1.151997130364179611e-02 7.070144414901733398e-01
-2.001706957817077637e-01 6.746798753738403320e-02 -1.499998569488525391e-02 -1.151997130364179611e-02 -7.070112824440002441e-01 -1.152061857283115387e-02 7.070145606994628906e-01
-2.001706957817077637e-01 6.746798008680343628e-02 -1.499998569488525391e-02 -1.151803135871887207e-02 -7.070111632347106934e-01 -1.151997130364179611e-02 7.070146799087524414e-01
-2.001706957817077637e-01 6.746798008680343628e-02 -1.499998569488525391e-02 -1.151932496577501297e-02 -7.070113420486450195e-01 -1.151932496577501297e-02 7.070145606994628906e-01
-2.001706957817077637e-01 6.746797263622283936e-02 -1.499998569488525391e-02 -1.151932496577501297e-02 -7.070111632347106934e-01 -1.151997130364179611e-02 7.070147395133972168e-01
-2.001706957817077637e-01 6.746797263622283936e-02 -1.499998569488525391e-02 -1.151738408952951431e-02 -7.070112228393554688e-01 -1.151997130364179611e-02 7.070146799087524414e-01
-2.001706957817077637e-01 6.746797263622283936e-02 -1.499998569488525391e-02 -1.151738408952951431e-02 -7.070112228393554688e-01 -1.151997130364179611e-02 7.070146799087524414e-01
-2.001706957817077637e-01 6.746797263622283936e-02 -1.499998569488525391e-02 -1.151997130364179611e-02 -7.070114016532897949e-01 -1.151932496577501297e-02 7.070144414901733398e-01
-2.001706957817077637e-01 6.746798008680343628e-02 -1.499998569488525391e-02 -1.151932496577501297e-02 -7.070114016532897949e-01 -1.151932496577501297e-02 7.070145010948181152e-01
-2.001706957817077637e-01 6.746798753738403320e-02 -1.499998569488525391e-02 -1.152061857283115387e-02 -7.070114016532897949e-01 -1.151997130364179611e-02 7.070144414901733398e-01
-2.001706957817077637e-01 6.746798008680343628e-02 -1.499998569488525391e-02 -1.151932496577501297e-02 -7.070112228393554688e-01 -1.151997130364179611e-02 7.070146799087524414e-01
-2.001706957817077637e-01 6.746798008680343628e-02 -1.499998569488525391e-02 -1.151997130364179611e-02 -7.070112228393554688e-01 -1.152061857283115387e-02 7.070146799087524414e-01
-2.001706957817077637e-01 6.746798753738403320e-02 -1.499998569488525391e-02 -1.151738408952951431e-02 -7.070112824440002441e-01 -1.151932496577501297e-02 7.070146203041076660e-01
-2.001706957817077637e-01 6.746798753738403320e-02 -1.499998569488525391e-02 -1.151997130364179611e-02 -7.070112824440002441e-01 -1.151932496577501297e-02 7.070145606994628906e-01
-2.001706957817077637e-01 6.746797263622283936e-02 -1.499998569488525391e-02 -1.151738408952951431e-02 -7.070112228393554688e-01 -1.151997130364179611e-02 7.070146799087524414e-01
-2.001707106828689575e-01 6.746798008680343628e-02 -1.499998569488525391e-02 -1.151932496577501297e-02 -7.070112228393554688e-01 -1.151997130364179611e-02 7.070146799087524414e-01
-2.001706957817077637e-01 6.746797263622283936e-02 -1.499998569488525391e-02 -1.151997130364179611e-02 -7.070112824440002441e-01 -1.151932496577501297e-02 7.070145606994628906e-01
-2.001706957817077637e-01 6.746798008680343628e-02 -1.499998569488525391e-02 -1.151932496577501297e-02 -7.070112228393554688e-01 -1.151932496577501297e-02 7.070146799087524414e-01
-2.001706957817077637e-01 6.746798008680343628e-02 -1.499998569488525391e-02 -1.151738408952951431e-02 -7.070112228393554688e-01 -1.151932496577501297e-02 7.070146799087524414e-01
-2.001706957817077637e-01 6.746798008680343628e-02 -1.499998569488525391e-02 -1.151803135871887207e-02 -7.070112824440002441e-01 -1.151997130364179611e-02 7.070145606994628906e-01
-2.001706957817077637e-01 6.746798008680343628e-02 -1.499998569488525391e-02 -1.151803135871887207e-02 -7.070111632347106934e-01 -1.151997130364179611e-02 7.070146799087524414e-01
-2.001706957817077637e-01 6.746797263622283936e-02 -1.499998569488525391e-02 -1.151997130364179611e-02 -7.070114016532897949e-01 -1.152061857283115387e-02 7.070145010948181152e-01
-2.001707106828689575e-01 6.746798008680343628e-02 -1.499998569488525391e-02 -1.151803135871887207e-02 -7.070112228393554688e-01 -1.151997130364179611e-02 7.070146799087524414e-01
-2.001706957817077637e-01 6.746797263622283936e-02 -1.499998569488525391e-02 -1.152191124856472015e-02 -7.070114016532897949e-01 -1.151997130364179611e-02 7.070145010948181152e-01
-2.001706957817077637e-01 6.746798008680343628e-02 -1.499998569488525391e-02 -1.151738408952951431e-02 -7.070112228393554688e-01 -1.151997130364179611e-02 7.070146799087524414e-01
-2.001706957817077637e-01 6.746798008680343628e-02 -1.499998569488525391e-02 -1.151738408952951431e-02 -7.070112824440002441e-01 -1.151997130364179611e-02 7.070146203041076660e-01
-2.001706957817077637e-01 6.746798008680343628e-02 -1.499998569488525391e-02 -1.152191124856472015e-02 -7.070113420486450195e-01 -1.151932496577501297e-02 7.070145010948181152e-01
-2.001707106828689575e-01 6.746798008680343628e-02 -1.499998569488525391e-02 -1.151932496577501297e-02 -7.070112228393554688e-01 -1.151997130364179611e-02 7.070146799087524414e-01
-2.001706957817077637e-01 6.746798008680343628e-02 -1.499998569488525391e-02 -1.151738408952951431e-02 -7.070114016532897949e-01 -1.151997130364179611e-02 7.070145606994628906e-01
-2.001706957817077637e-01 6.746798008680343628e-02 -1.499998569488525391e-02 -1.151932496577501297e-02 -7.070112824440002441e-01 -1.151932496577501297e-02 7.070145606994628906e-01
-2.001706957817077637e-01 6.746798008680343628e-02 -1.499998569488525391e-02 -1.151738408952951431e-02 -7.070114016532897949e-01 -1.151932496577501297e-02 7.070145010948181152e-01
-2.001706957817077637e-01 6.746798753738403320e-02 -1.499998569488525391e-02 -1.152191124856472015e-02 -7.070112824440002441e-01 -1.151932496577501297e-02 7.070145606994628906e-01
-2.001706957817077637e-01 6.746798008680343628e-02 -1.499998569488525391e-02 -1.151997130364179611e-02 -7.070111632347106934e-01 -1.151932496577501297e-02 7.070146799087524414e-01
-2.001706957817077637e-01 6.746797263622283936e-02 -1.499998569488525391e-02 -1.151997130364179611e-02 -7.070112824440002441e-01 -1.152061857283115387e-02 7.070145606994628906e-01
-2.001706957817077637e-01 6.746798753738403320e-02 -1.499998569488525391e-02 -1.151932496577501297e-02 -7.070112824440002441e-01 -1.151932496577501297e-02 7.070145606994628906e-01
-2.001706957817077637e-01 6.746797263622283936e-02 -1.499998569488525391e-02 -1.151738408952951431e-02 -7.070111632347106934e-01 -1.151997130364179611e-02 7.070147395133972168e-01
-2.001706957817077637e-01 6.746798008680343628e-02 -1.499998569488525391e-02 -1.151932496577501297e-02 -7.070112824440002441e-01 -1.151932496577501297e-02 7.070145606994628906e-01
-2.001706957817077637e-01 6.746797263622283936e-02 -1.499998569488525391e-02 -1.151932496577501297e-02 -7.070112824440002441e-01 -1.151932496577501297e-02 7.070145606994628906e-01
-2.001706957817077637e-01 6.746798008680343628e-02 -1.499998569488525391e-02 -1.151932496577501297e-02 -7.070112824440002441e-01 -1.151997130364179611e-02 7.070145606994628906e-01
-2.001706957817077637e-01 6.746797263622283936e-02 -1.499998569488525391e-02 -1.151738408952951431e-02 -7.070112228393554688e-01 -1.151997130364179611e-02 7.070146799087524414e-01
-2.001706957817077637e-01 6.746798008680343628e-02 -1.499998569488525391e-02 -1.151738408952951431e-02 -7.070112228393554688e-01 -1.151997130364179611e-02 7.070146799087524414e-01
-2.001706957817077637e-01 6.746798008680343628e-02 -1.499998569488525391e-02 -1.151803135871887207e-02 -7.070111632347106934e-01 -1.151997130364179611e-02 7.070146799087524414e-01
-2.001706957817077637e-01 6.746797263622283936e-02 -1.499998569488525391e-02 -1.151738408952951431e-02 -7.070112228393554688e-01 -1.151997130364179611e-02 7.070146799087524414e-01
-2.001706957817077637e-01 6.746798753738403320e-02 -1.499998569488525391e-02 -1.151932496577501297e-02 -7.070112824440002441e-01 -1.151997130364179611e-02 7.070146203041076660e-01
-2.001706957817077637e-01 6.746797263622283936e-02 -1.499998569488525391e-02 -1.151738408952951431e-02 -7.070112824440002441e-01 -1.151997130364179611e-02 7.070146203041076660e-01
-2.001706957817077637e-01 6.746798008680343628e-02 -1.499998569488525391e-02 -1.151738408952951431e-02 -7.070112228393554688e-01 -1.151997130364179611e-02 7.070146799087524414e-01
-2.001706957817077637e-01 6.746798008680343628e-02 -1.499998569488525391e-02 -1.152061857283115387e-02 -7.070114016532897949e-01 -1.151997130364179611e-02 7.070144414901733398e-01
-2.001706957817077637e-01 6.746797263622283936e-02 -1.499998569488525391e-02 -1.151997130364179611e-02 -7.070112824440002441e-01 -1.151932496577501297e-02 7.070145606994628906e-01
-2.001706957817077637e-01 6.746798753738403320e-02 -1.499998569488525391e-02 -1.151803135871887207e-02 -7.070112824440002441e-01 -1.151997130364179611e-02 7.070146203041076660e-01
-2.001706957817077637e-01 6.746798753738403320e-02 -1.499998569488525391e-02 -1.151997130364179611e-02 -7.070112824440002441e-01 -1.152061857283115387e-02 7.070145606994628906e-01
-2.001706957817077637e-01 6.746798008680343628e-02 -1.499998569488525391e-02 -1.151803135871887207e-02 -7.070111632347106934e-01 -1.151997130364179611e-02 7.070146799087524414e-01
-2.001706957817077637e-01 6.746798008680343628e-02 -1.499998569488525391e-02 -1.151932496577501297e-02 -7.070113420486450195e-01 -1.151932496577501297e-02 7.070145606994628906e-01
-2.001706957817077637e-01 6.746797263622283936e-02 -1.499998569488525391e-02 -1.151932496577501297e-02 -7.070111632347106934e-01 -1.151997130364179611e-02 7.070147395133972168e-01
-2.001706957817077637e-01 6.746797263622283936e-02 -1.499998569488525391e-02 -1.151738408952951431e-02 -7.070112228393554688e-01 -1.151997130364179611e-02 7.070146799087524414e-01
-2.001706957817077637e-01 6.746797263622283936e-02 -1.499998569488525391e-02 -1.151997130364179611e-02 -7.070114016532897949e-01 -1.151932496577501297e-02 7.070144414901733398e-01
-2.001706957817077637e-01 6.746798008680343628e-02 -1.499998569488525391e-02 -1.151932496577501297e-02 -7.070114016532897949e-01 -1.151932496577501297e-02 7.070145010948181152e-01
-2.001706957817077637e-01 6.746798008680343628e-02 -1.499998569488525391e-02 -1.151932496577501297e-02 -7.070112228393554688e-01 -1.151997130364179611e-02 7.070146799087524414e-01
-2.001706957817077637e-01 6.746798008680343628e-02 -1.499998569488525391e-02 -1.151997130364179611e-02 -7.070112228393554688e-01 -1.152061857283115387e-02 7.070146799087524414e-01
-2.001706957817077637e-01 6.746798753738403320e-02 -1.499998569488525391e-02 -1.151738408952951431e-02 -7.070112824440002441e-01 -1.151932496577501297e-02 7.070146203041076660e-01
-2.001707106828689575e-01 6.746798008680343628e-02 -1.499998569488525391e-02 -1.151932496577501297e-02 -7.070112228393554688e-01 -1.151997130364179611e-02 7.070146799087524414e-01
-2.001706957817077637e-01 6.746797263622283936e-02 -1.499998569488525391e-02 -1.151997130364179611e-02 -7.070112824440002441e-01 -1.151932496577501297e-02 7.070145606994628906e-01
-2.001706957817077637e-01 6.746798008680343628e-02 -1.499998569488525391e-02 -1.151932496577501297e-02 -7.070112228393554688e-01 -1.151932496577501297e-02 7.070146799087524414e-01
-2.001706957817077637e-01 6.746798008680343628e-02 -1.499998569488525391e-02 -1.151738408952951431e-02 -7.070112228393554688e-01 -1.151932496577501297e-02 7.070146799087524414e-01
-2.001706957817077637e-01 6.746798008680343628e-02 -1.499998569488525391e-02 -1.151803135871887207e-02 -7.070112824440002441e-01 -1.151997130364179611e-02 7.070145606994628906e-01
-2.001706957817077637e-01 6.746798008680343628e-02 -1.499998569488525391e-02 -1.151803135871887207e-02 -7.070111632347106934e-01 -1.151997130364179611e-02 7.070146799087524414e-01
-2.001706957817077637e-01 6.746797263622283936e-02 -1.499998569488525391e-02 -1.151997130364179611e-02 -7.070114016532897949e-01 -1.152061857283115387e-02 7.070145010948181152e-01
-2.001707106828689575e-01 6.746798008680343628e-02 -1.499998569488525391e-02 -1.151803135871887207e-02 -7.070112228393554688e-01 -1.151997130364179611e-02 7.070146799087524414e-01
-2.001706957817077637e-01 6.746797263622283936e-02 -1.499998569488525391e-02 -1.152191124856472015e-02 -7.070114016532897949e-01 -1.151997130364179611e-02 7.070145010948181152e-01
-2.001706957817077637e-01 6.746798008680343628e-02 -1.499998569488525391e-02 -1.151738408952951431e-02 -7.070114016532897949e-01 -1.151997130364179611e-02 7.070145606994628906e-01
-2.001706957817077637e-01 6.746798008680343628e-02 -1.499998569488525391e-02 -1.151932496577501297e-02 -7.070112824440002441e-01 -1.151932496577501297e-02 7.070145606994628906e-01
-2.001706957817077637e-01 6.746798008680343628e-02 -1.499998569488525391e-02 -1.151738408952951431e-02 -7.070114016532897949e-01 -1.151932496577501297e-02 7.070145010948181152e-01
-2.001706957817077637e-01 6.746798753738403320e-02 -1.499998569488525391e-02 -1.152191124856472015e-02 -7.070112824440002441e-01 -1.151932496577501297e-02 7.070145606994628906e-01
-2.001706957817077637e-01 6.746798008680343628e-02 -1.499998569488525391e-02 -1.151997130364179611e-02 -7.070111632347106934e-01 -1.151932496577501297e-02 7.070146799087524414e-01
-2.001706957817077637e-01 6.746797263622283936e-02 -1.499998569488525391e-02 -1.151997130364179611e-02 -7.070112824440002441e-01 -1.152061857283115387e-02 7.070145606994628906e-01
-2.001706957817077637e-01 6.746798753738403320e-02 -1.499998569488525391e-02 -1.151932496577501297e-02 -7.070112824440002441e-01 -1.151932496577501297e-02 7.070145606994628906e-01
-2.001706957817077637e-01 6.746797263622283936e-02 -1.499998569488525391e-02 -1.151738408952951431e-02 -7.070111632347106934e-01 -1.151997130364179611e-02 7.070147395133972168e-01
-2.001706957817077637e-01 6.746798008680343628e-02 -1.499998569488525391e-02 -1.151932496577501297e-02 -7.070112824440002441e-01 -1.151932496577501297e-02 7.070145606994628906e-01
-2.001706957817077637e-01 6.746797263622283936e-02 -1.499998569488525391e-02 -1.151932496577501297e-02 -7.070112824440002441e-01 -1.151932496577501297e-02 7.070145606994628906e-01
-2.001706957817077637e-01 6.746798008680343628e-02 -1.499998569488525391e-02 -1.151932496577501297e-02 -7.070112824440002441e-01 -1.151997130364179611e-02 7.070145606994628906e-01
-2.001706957817077637e-01 6.746798008680343628e-02 -1.499998569488525391e-02 -1.151803135871887207e-02 -7.070111632347106934e-01 -1.151997130364179611e-02 7.070146799087524414e-01
-2.001706957817077637e-01 6.746797263622283936e-02 -1.499998569488525391e-02 -1.151738408952951431e-02 -7.070112228393554688e-01 -1.151997130364179611e-02 7.070146799087524414e-01
-2.001706957817077637e-01 6.746798753738403320e-02 -1.499998569488525391e-02 -1.151932496577501297e-02 -7.070112824440002441e-01 -1.151997130364179611e-02 7.070146203041076660e-01
-2.001706957817077637e-01 6.746797263622283936e-02 -1.499998569488525391e-02 -1.151738408952951431e-02 -7.070112824440002441e-01 -1.151997130364179611e-02 7.070146203041076660e-01
-2.001706957817077637e-01 6.746798008680343628e-02 -1.499998569488525391e-02 -1.151738408952951431e-02 -7.070112228393554688e-01 -1.151997130364179611e-02 7.070146799087524414e-01
-2.001706957817077637e-01 6.746798008680343628e-02 -1.499998569488525391e-02 -1.152061857283115387e-02 -7.070114016532897949e-01 -1.151997130364179611e-02 7.070144414901733398e-01
-2.001706957817077637e-01 6.746797263622283936e-02 -1.499998569488525391e-02 -1.151997130364179611e-02 -7.070112824440002441e-01 -1.151932496577501297e-02 7.070145606994628906e-01
-2.001706957817077637e-01 6.746797263622283936e-02 -1.499998569488525391e-02 -1.151738408952951431e-02 -7.070112228393554688e-01 -1.151997130364179611e-02 7.070146799087524414e-01
-2.001706957817077637e-01 6.746798008680343628e-02 -1.499998569488525391e-02 -1.151932496577501297e-02 -7.070112228393554688e-01 -1.151997130364179611e-02 7.070146799087524414e-01
-2.001706957817077637e-01 6.746798008680343628e-02 -1.499998569488525391e-02 -1.151997130364179611e-02 -7.070112228393554688e-01 -1.152061857283115387e-02 7.070146799087524414e-01
-2.001706957817077637e-01 6.746798753738403320e-02 -1.499998569488525391e-02 -1.151738408952951431e-02 -7.070112824440002441e-01 -1.151932496577501297e-02 7.070146203041076660e-01
-2.001706957817077637e-01 6.746798753738403320e-02 -1.499998569488525391e-02 -1.151997130364179611e-02 -7.070112824440002441e-01 -1.151932496577501297e-02 7.070145606994628906e-01
-2.001706957817077637e-01 6.746797263622283936e-02 -1.499998569488525391e-02 -1.151738408952951431e-02 -7.070112228393554688e-01 -1.151997130364179611e-02 7.070146799087524414e-01
-2.001707106828689575e-01 6.746798008680343628e-02 -1.499998569488525391e-02 -1.151932496577501297e-02 -7.070112228393554688e-01 -1.151997130364179611e-02 7.070146799087524414e-01
-2.001706957817077637e-01 6.746797263622283936e-02 -1.499998569488525391e-02 -1.151997130364179611e-02 -7.070112824440002441e-01 -1.151932496577501297e-02 7.070145606994628906e-01
-2.001706957817077637e-01 6.746798008680343628e-02 -1.499998569488525391e-02 -1.151932496577501297e-02 -7.070112228393554688e-01 -1.151932496577501297e-02 7.070146799087524414e-01
-2.001706957817077637e-01 6.746798008680343628e-02 -1.499998569488525391e-02 -1.151738408952951431e-02 -7.070112228393554688e-01 -1.151932496577501297e-02 7.070146799087524414e-01
-2.001706957817077637e-01 6.746798008680343628e-02 -1.499998569488525391e-02 -1.151803135871887207e-02 -7.070112824440002441e-01 -1.151997130364179611e-02 7.070145606994628906e-01
-2.001706957817077637e-01 6.746798008680343628e-02 -1.499998569488525391e-02 -1.151803135871887207e-02 -7.070111632347106934e-01 -1.151997130364179611e-02 7.070146799087524414e-01
-2.001706957817077637e-01 6.746797263622283936e-02 -1.499998569488525391e-02 -1.151997130364179611e-02 -7.070114016532897949e-01 -1.152061857283115387e-02 7.070145010948181152e-01
-2.001707106828689575e-01 6.746798008680343628e-02 -1.499998569488525391e-02 -1.151803135871887207e-02 -7.070112228393554688e-01 -1.151997130364179611e-02 7.070146799087524414e-01
-2.001706957817077637e-01 6.746797263622283936e-02 -1.499998569488525391e-02 -1.152191124856472015e-02 -7.070114016532897949e-01 -1.151997130364179611e-02 7.070145010948181152e-01
-2.001706957817077637e-01 6.746798008680343628e-02 -1.499998569488525391e-02 -1.151738408952951431e-02 -7.070112228393554688e-01 -1.151997130364179611e-02 7.070146799087524414e-01
-2.001706957817077637e-01 6.746798008680343628e-02 -1.499998569488525391e-02 -1.151738408952951431e-02 -7.070112824440002441e-01 -1.151997130364179611e-02 7.070146203041076660e-01
-2.001706957817077637e-01 6.746798008680343628e-02 -1.499998569488525391e-02 -1.152191124856472015e-02 -7.070113420486450195e-01 -1.151932496577501297e-02 7.070145010948181152e-01
-2.001707106828689575e-01 6.746798008680343628e-02 -1.499998569488525391e-02 -1.151932496577501297e-02 -7.070112228393554688e-01 -1.151997130364179611e-02 7.070146799087524414e-01
-2.001706957817077637e-01 6.746798008680343628e-02 -1.499998569488525391e-02 -1.151738408952951431e-02 -7.070114016532897949e-01 -1.151997130364179611e-02 7.070145606994628906e-01
-2.001706957817077637e-01 6.746798008680343628e-02 -1.499998569488525391e-02 -1.151932496577501297e-02 -7.070112824440002441e-01 -1.151932496577501297e-02 7.070145606994628906e-01
-2.001706957817077637e-01 6.746798008680343628e-02 -1.499998569488525391e-02 -1.151738408952951431e-02 -7.070114016532897949e-01 -1.151932496577501297e-02 7.070145010948181152e-01
-2.001706957817077637e-01 6.746798753738403320e-02 -1.499998569488525391e-02 -1.152191124856472015e-02 -7.070112824440002441e-01 -1.151932496577501297e-02 7.070145606994628906e-01
-2.001706957817077637e-01 6.746797263622283936e-02 -1.499998569488525391e-02 -1.151997130364179611e-02 -7.070112824440002441e-01 -1.152061857283115387e-02 7.070145606994628906e-01
-2.001706957817077637e-01 6.746798753738403320e-02 -1.499998569488525391e-02 -1.151932496577501297e-02 -7.070112824440002441e-01 -1.151932496577501297e-02 7.070145606994628906e-01
-2.001706957817077637e-01 6.746797263622283936e-02 -1.499998569488525391e-02 -1.151738408952951431e-02 -7.070111632347106934e-01 -1.151997130364179611e-02 7.070147395133972168e-01
-2.001706957817077637e-01 6.746798008680343628e-02 -1.499998569488525391e-02 -1.151932496577501297e-02 -7.070112824440002441e-01 -1.151932496577501297e-02 7.070145606994628906e-01
-2.001706957817077637e-01 6.746797263622283936e-02 -1.499998569488525391e-02 -1.151932496577501297e-02 -7.070112824440002441e-01 -1.151932496577501297e-02 7.070145606994628906e-01
-2.001706957817077637e-01 6.746798008680343628e-02 -1.499998569488525391e-02 -1.151932496577501297e-02 -7.070112824440002441e-01 -1.151997130364179611e-02 7.070145606994628906e-01
-2.001706957817077637e-01 6.746797263622283936e-02 -1.499998569488525391e-02 -1.151738408952951431e-02 -7.070112228393554688e-01 -1.151997130364179611e-02 7.070146799087524414e-01
-2.001706957817077637e-01 6.746798008680343628e-02 -1.499998569488525391e-02 -1.151738408952951431e-02 -7.070112228393554688e-01 -1.151997130364179611e-02 7.070146799087524414e-01
-2.001706957817077637e-01 6.746798008680343628e-02 -1.499998569488525391e-02 -1.151803135871887207e-02 -7.070111632347106934e-01 -1.151997130364179611e-02 7.070146799087524414e-01
-2.001706957817077637e-01 6.746797263622283936e-02 -1.499998569488525391e-02 -1.151738408952951431e-02 -7.070112228393554688e-01 -1.151997130364179611e-02 7.070146799087524414e-01
-2.001706957817077637e-01 6.746798753738403320e-02 -1.499998569488525391e-02 -1.151932496577501297e-02 -7.070112824440002441e-01 -1.151997130364179611e-02 7.070146203041076660e-01
-2.001706957817077637e-01 6.746797263622283936e-02 -1.499998569488525391e-02 -1.151738408952951431e-02 -7.070112824440002441e-01 -1.151997130364179611e-02 7.070146203041076660e-01
-2.001706957817077637e-01 6.746798008680343628e-02 -1.499998569488525391e-02 -1.151738408952951431e-02 -7.070112228393554688e-01 -1.151997130364179611e-02 7.070146799087524414e-01
-2.001706957817077637e-01 6.746798753738403320e-02 -1.499998569488525391e-02 -1.151997130364179611e-02 -7.070112824440002441e-01 -1.152061857283115387e-02 7.070145606994628906e-01
-2.001706957817077637e-01 6.746798008680343628e-02 -1.499998569488525391e-02 -1.151803135871887207e-02 -7.070111632347106934e-01 -1.151997130364179611e-02 7.070146799087524414e-01
-2.001706957817077637e-01 6.746798008680343628e-02 -1.499998569488525391e-02 -1.151932496577501297e-02 -7.070113420486450195e-01 -1.151932496577501297e-02 7.070145606994628906e-01
-2.001706957817077637e-01 6.746797263622283936e-02 -1.499998569488525391e-02 -1.151932496577501297e-02 -7.070111632347106934e-01 -1.151997130364179611e-02 7.070147395133972168e-01
-2.001706957817077637e-01 6.746797263622283936e-02 -1.499998569488525391e-02 -1.151738408952951431e-02 -7.070112228393554688e-01 -1.151997130364179611e-02 7.070146799087524414e-01
-2.001706957817077637e-01 6.746797263622283936e-02 -1.499998569488525391e-02 -1.151738408952951431e-02 -7.070112228393554688e-01 -1.151997130364179611e-02 7.070146799087524414e-01
-2.001706957817077637e-01 6.746797263622283936e-02 -1.499998569488525391e-02 -1.151997130364179611e-02 -7.070114016532897949e-01 -1.151932496577501297e-02 7.070144414901733398e-01
-2.001706957817077637e-01 6.746798008680343628e-02 -1.499998569488525391e-02 -1.151932496577501297e-02 -7.070114016532897949e-01 -1.151932496577501297e-02 7.070145010948181152e-01
-2.001706957817077637e-01 6.746798753738403320e-02 -1.499998569488525391e-02 -1.152061857283115387e-02 -7.070114016532897949e-01 -1.151997130364179611e-02 7.070144414901733398e-01
-2.001706957817077637e-01 6.746798008680343628e-02 -1.499998569488525391e-02 -1.151932496577501297e-02 -7.070112228393554688e-01 -1.151997130364179611e-02 7.070146799087524414e-01
-2.001706957817077637e-01 6.746798008680343628e-02 -1.499998569488525391e-02 -1.151997130364179611e-02 -7.070112228393554688e-01 -1.152061857283115387e-02 7.070146799087524414e-01
-2.001706957817077637e-01 6.746798753738403320e-02 -1.499998569488525391e-02 -1.151738408952951431e-02 -7.070112824440002441e-01 -1.151932496577501297e-02 7.070146203041076660e-01
-2.001706957817077637e-01 6.746798753738403320e-02 -1.499998569488525391e-02 -1.151997130364179611e-02 -7.070112824440002441e-01 -1.151932496577501297e-02 7.070145606994628906e-01
-2.001706957817077637e-01 6.746797263622283936e-02 -1.499998569488525391e-02 -1.151738408952951431e-02 -7.070112228393554688e-01 -1.151997130364179611e-02 7.070146799087524414e-01
-2.001707106828689575e-01 6.746798008680343628e-02 -1.499998569488525391e-02 -1.151932496577501297e-02 -7.070112228393554688e-01 -1.151997130364179611e-02 7.070146799087524414e-01
-2.001706957817077637e-01 6.746797263622283936e-02 -1.499998569488525391e-02 -1.151997130364179611e-02 -7.070112824440002441e-01 -1.151932496577501297e-02 7.070145606994628906e-01
-2.001706957817077637e-01 6.746798008680343628e-02 -1.499998569488525391e-02 -1.151932496577501297e-02 -7.070112228393554688e-01 -1.151932496577501297e-02 7.070146799087524414e-01
-2.001706957817077637e-01 6.746798008680343628e-02 -1.499998569488525391e-02 -1.151738408952951431e-02 -7.070112228393554688e-01 -1.151932496577501297e-02 7.070146799087524414e-01
-2.001706957817077637e-01 6.746798008680343628e-02 -1.499998569488525391e-02 -1.151803135871887207e-02 -7.070112824440002441e-01 -1.151997130364179611e-02 7.070145606994628906e-01
-2.001706957817077637e-01 6.746798008680343628e-02 -1.499998569488525391e-02 -1.151803135871887207e-02 -7.070111632347106934e-01 -1.151997130364179611e-02 7.070146799087524414e-01
-2.001706957817077637e-01 6.746797263622283936e-02 -1.499998569488525391e-02 -1.151997130364179611e-02 -7.070114016532897949e-01 -1.152061857283115387e-02 7.070145010948181152e-01
-2.001707106828689575e-01 6.746798008680343628e-02 -1.499998569488525391e-02 -1.151803135871887207e-02 -7.070112228393554688e-01 -1.151997130364179611e-02 7.070146799087524414e-01
-2.001706957817077637e-01 6.746797263622283936e-02 -1.499998569488525391e-02 -1.152191124856472015e-02 -7.070114016532897949e-01 -1.151997130364179611e-02 7.070145010948181152e-01
-2.001706957817077637e-01 6.746798008680343628e-02 -1.499998569488525391e-02 -1.151738408952951431e-02 -7.070112228393554688e-01 -1.151997130364179611e-02 7.070146799087524414e-01
-2.001706957817077637e-01 6.746798008680343628e-02 -1.499998569488525391e-02 -1.151738408952951431e-02 -7.070112824440002441e-01 -1.151997130364179611e-02 7.070146203041076660e-01
-2.001706957817077637e-01 6.746798008680343628e-02 -1.499998569488525391e-02 -1.152191124856472015e-02 -7.070113420486450195e-01 -1.151932496577501297e-02 7.070145010948181152e-01
-2.001707106828689575e-01 6.746798008680343628e-02 -1.499998569488525391e-02 -1.151932496577501297e-02 -7.070112228393554688e-01 -1.151997130364179611e-02 7.070146799087524414e-01
-2.001706957817077637e-01 6.746798008680343628e-02 -1.499998569488525391e-02 -1.151738408952951431e-02 -7.070114016532897949e-01 -1.151997130364179611e-02 7.070145606994628906e-01
-2.001706957817077637e-01 6.746798008680343628e-02 -1.499998569488525391e-02 -1.151932496577501297e-02 -7.070112824440002441e-01 -1.151932496577501297e-02 7.070145606994628906e-01
-2.001706957817077637e-01 6.746798008680343628e-02 -1.499998569488525391e-02 -1.151738408952951431e-02 -7.070114016532897949e-01 -1.151932496577501297e-02 7.070145010948181152e-01
-2.001706957817077637e-01 6.746798753738403320e-02 -1.499998569488525391e-02 -1.152191124856472015e-02 -7.070112824440002441e-01 -1.151932496577501297e-02 7.070145606994628906e-01
-2.001706957817077637e-01 6.746798008680343628e-02 -1.499998569488525391e-02 -1.151997130364179611e-02 -7.070111632347106934e-01 -1.151932496577501297e-02 7.070146799087524414e-01
-2.001706957817077637e-01 6.746797263622283936e-02 -1.499998569488525391e-02 -1.151997130364179611e-02 -7.070112824440002441e-01 -1.152061857283115387e-02 7.070145606994628906e-01
-2.001706957817077637e-01 6.746798753738403320e-02 -1.499998569488525391e-02 -1.151932496577501297e-02 -7.070112824440002441e-01 -1.151932496577501297e-02 7.070145606994628906e-01
-2.001706957817077637e-01 6.746797263622283936e-02 -1.499998569488525391e-02 -1.151738408952951431e-02 -7.070111632347106934e-01 -1.151997130364179611e-02 7.070147395133972168e-01
-2.001706957817077637e-01 6.746798008680343628e-02 -1.499998569488525391e-02 -1.151932496577501297e-02 -7.070112824440002441e-01 -1.151932496577501297e-02 7.070145606994628906e-01
-2.001706957817077637e-01 6.746797263622283936e-02 -1.499998569488525391e-02 -1.151932496577501297e-02 -7.070112824440002441e-01 -1.151932496577501297e-02 7.070145606994628906e-01
-2.001706957817077637e-01 6.746798008680343628e-02 -1.499998569488525391e-02 -1.151932496577501297e-02 -7.070112824440002441e-01 -1.151997130364179611e-02 7.070145606994628906e-01
-2.001706957817077637e-01 6.746797263622283936e-02 -1.499998569488525391e-02 -1.151738408952951431e-02 -7.070112228393554688e-01 -1.151997130364179611e-02 7.070146799087524414e-01
-2.001706957817077637e-01 6.746798008680343628e-02 -1.499998569488525391e-02 -1.151738408952951431e-02 -7.070112228393554688e-01 -1.151997130364179611e-02 7.070146799087524414e-01
-2.001706957817077637e-01 6.746798008680343628e-02 -1.499998569488525391e-02 -1.151803135871887207e-02 -7.070111632347106934e-01 -1.151997130364179611e-02 7.070146799087524414e-01
-2.001706957817077637e-01 6.746797263622283936e-02 -1.499998569488525391e-02 -1.151738408952951431e-02 -7.070112228393554688e-01 -1.151997130364179611e-02 7.070146799087524414e-01
-2.001706957817077637e-01 6.746798753738403320e-02 -1.499998569488525391e-02 -1.151932496577501297e-02 -7.070112824440002441e-01 -1.151997130364179611e-02 7.070146203041076660e-01
-2.001706957817077637e-01 6.746797263622283936e-02 -1.499998569488525391e-02 -1.151738408952951431e-02 -7.070112824440002441e-01 -1.151997130364179611e-02 7.070146203041076660e-01
-2.001706957817077637e-01 6.746798008680343628e-02 -1.499998569488525391e-02 -1.151738408952951431e-02 -7.070112228393554688e-01 -1.151997130364179611e-02 7.070146799087524414e-01
-2.001706957817077637e-01 6.746798008680343628e-02 -1.499998569488525391e-02 -1.152061857283115387e-02 -7.070114016532897949e-01 -1.151997130364179611e-02 7.070144414901733398e-01
-2.001706957817077637e-01 6.746797263622283936e-02 -1.499998569488525391e-02 -1.151997130364179611e-02 -7.070112824440002441e-01 -1.151932496577501297e-02 7.070145606994628906e-01
-2.001707106828689575e-01 6.746797263622283936e-02 -1.499998569488525391e-02 -1.151803135871887207e-02 -7.070111632347106934e-01 -1.151997130364179611e-02 7.070146799087524414e-01
-2.001706957817077637e-01 6.746798753738403320e-02 -1.499998569488525391e-02 -1.151803135871887207e-02 -7.070112824440002441e-01 -1.151997130364179611e-02 7.070146203041076660e-01
-2.001706957817077637e-01 6.746798753738403320e-02 -1.499998569488525391e-02 -1.151997130364179611e-02 -7.070112824440002441e-01 -1.152061857283115387e-02 7.070145606994628906e-01
-2.001706957817077637e-01 6.746798008680343628e-02 -1.499998569488525391e-02 -1.151803135871887207e-02 -7.070111632347106934e-01 -1.151997130364179611e-02 7.070146799087524414e-01
-2.001706957817077637e-01 6.746797263622283936e-02 -1.499998569488525391e-02 -1.151932496577501297e-02 -7.070111632347106934e-01 -1.151997130364179611e-02 7.070147395133972168e-01
-2.001706957817077637e-01 6.746797263622283936e-02 -1.499998569488525391e-02 -1.151738408952951431e-02 -7.070112228393554688e-01 -1.151997130364179611e-02 7.070146799087524414e-01
-2.001706957817077637e-01 6.746797263622283936e-02 -1.499998569488525391e-02 -1.151738408952951431e-02 -7.070112228393554688e-01 -1.151997130364179611e-02 7.070146799087524414e-01
-2.001706957817077637e-01 6.746797263622283936e-02 -1.499998569488525391e-02 -1.151997130364179611e-02 -7.070114016532897949e-01 -1.151932496577501297e-02 7.070144414901733398e-01
-2.001706957817077637e-01 6.746798008680343628e-02 -1.499998569488525391e-02 -1.151932496577501297e-02 -7.070114016532897949e-01 -1.151932496577501297e-02 7.070145010948181152e-01
-2.001706957817077637e-01 6.746798753738403320e-02 -1.499998569488525391e-02 -1.152061857283115387e-02 -7.070114016532897949e-01 -1.151997130364179611e-02 7.070144414901733398e-01
-2.001706957817077637e-01 6.746798008680343628e-02 -1.499998569488525391e-02 -1.151932496577501297e-02 -7.070112228393554688e-01 -1.151997130364179611e-02 7.070146799087524414e-01
-2.001706957817077637e-01 6.746798753738403320e-02 -1.499998569488525391e-02 -1.151997130364179611e-02 -7.070112824440002441e-01 -1.151932496577501297e-02 7.070145606994628906e-01
-2.001706957817077637e-01 6.746797263622283936e-02 -1.499998569488525391e-02 -1.151738408952951431e-02 -7.070112228393554688e-01 -1.151997130364179611e-02 7.070146799087524414e-01
-2.001707106828689575e-01 6.746798008680343628e-02 -1.499998569488525391e-02 -1.151932496577501297e-02 -7.070112228393554688e-01 -1.151997130364179611e-02 7.070146799087524414e-01
-2.001706957817077637e-01 6.746797263622283936e-02 -1.499998569488525391e-02 -1.151997130364179611e-02 -7.070112824440002441e-01 -1.151932496577501297e-02 7.070145606994628906e-01
-2.001706957817077637e-01 6.746798008680343628e-02 -1.499998569488525391e-02 -1.151932496577501297e-02 -7.070112228393554688e-01 -1.151932496577501297e-02 7.070146799087524414e-01
-2.001706957817077637e-01 6.746798008680343628e-02 -1.499998569488525391e-02 -1.151738408952951431e-02 -7.070112228393554688e-01 -1.151932496577501297e-02 7.070146799087524414e-01
-2.001706957817077637e-01 6.746798008680343628e-02 -1.499998569488525391e-02 -1.151803135871887207e-02 -7.070112824440002441e-01 -1.151997130364179611e-02 7.070145606994628906e-01
-2.001706957817077637e-01 6.746798008680343628e-02 -1.499998569488525391e-02 -1.151803135871887207e-02 -7.070111632347106934e-01 -1.151997130364179611e-02 7.070146799087524414e-01
-2.001706957817077637e-01 6.746797263622283936e-02 -1.499998569488525391e-02 -1.151997130364179611e-02 -7.070114016532897949e-01 -1.152061857283115387e-02 7.070145010948181152e-01
-2.001707106828689575e-01 6.746798008680343628e-02 -1.499998569488525391e-02 -1.151803135871887207e-02 -7.070112228393554688e-01 -1.151997130364179611e-02 7.070146799087524414e-01
-2.001706957817077637e-01 6.746797263622283936e-02 -1.499998569488525391e-02 -1.152191124856472015e-02 -7.070114016532897949e-01 -1.151997130364179611e-02 7.070145010948181152e-01
-2.001706957817077637e-01 6.746798008680343628e-02 -1.499998569488525391e-02 -1.151738408952951431e-02 -7.070112228393554688e-01 -1.151997130364179611e-02 7.070146799087524414e-01
-2.001706957817077637e-01 6.746798008680343628e-02 -1.499998569488525391e-02 -1.151738408952951431e-02 -7.070112824440002441e-01 -1.151997130364179611e-02 7.070146203041076660e-01
-2.001706957817077637e-01 6.746798008680343628e-02 -1.499998569488525391e-02 -1.152191124856472015e-02 -7.070113420486450195e-01 -1.151932496577501297e-02 7.070145010948181152e-01
-2.001707106828689575e-01 6.746798008680343628e-02 -1.499998569488525391e-02 -1.151932496577501297e-02 -7.070112228393554688e-01 -1.151997130364179611e-02 7.070146799087524414e-01
-2.001706957817077637e-01 6.746798008680343628e-02 -1.499998569488525391e-02 -1.151738408952951431e-02 -7.070114016532897949e-01 -1.151997130364179611e-02 7.070145606994628906e-01
-2.001706957817077637e-01 6.746798008680343628e-02 -1.499998569488525391e-02 -1.151932496577501297e-02 -7.070112824440002441e-01 -1.151932496577501297e-02 7.070145606994628906e-01
-2.001706957817077637e-01 6.746798008680343628e-02 -1.499998569488525391e-02 -1.151738408952951431e-02 -7.070114016532897949e-01 -1.151932496577501297e-02 7.070145010948181152e-01
-2.001706957817077637e-01 6.746798753738403320e-02 -1.499998569488525391e-02 -1.152191124856472015e-02 -7.070112824440002441e-01 -1.151932496577501297e-02 7.070145606994628906e-01
-2.001706957817077637e-01 6.746798008680343628e-02 -1.499998569488525391e-02 -1.151997130364179611e-02 -7.070111632347106934e-01 -1.151932496577501297e-02 7.070146799087524414e-01
-2.001706957817077637e-01 6.746797263622283936e-02 -1.499998569488525391e-02 -1.151997130364179611e-02 -7.070112824440002441e-01 -1.152061857283115387e-02 7.070145606994628906e-01
-2.001706957817077637e-01 6.746798753738403320e-02 -1.499998569488525391e-02 -1.151932496577501297e-02 -7.070112824440002441e-01 -1.151932496577501297e-02 7.070145606994628906e-01
-2.001706957817077637e-01 6.746797263622283936e-02 -1.499998569488525391e-02 -1.151738408952951431e-02 -7.070111632347106934e-01 -1.151997130364179611e-02 7.070147395133972168e-01
-2.001706957817077637e-01 6.746798008680343628e-02 -1.499998569488525391e-02 -1.151932496577501297e-02 -7.070112824440002441e-01 -1.151932496577501297e-02 7.070145606994628906e-01
-2.001706957817077637e-01 6.746797263622283936e-02 -1.499998569488525391e-02 -1.151932496577501297e-02 -7.070112824440002441e-01 -1.151932496577501297e-02 7.070145606994628906e-01
-2.001706957817077637e-01 6.746798008680343628e-02 -1.499998569488525391e-02 -1.151932496577501297e-02 -7.070112824440002441e-01 -1.151997130364179611e-02 7.070145606994628906e-01
-2.001706957817077637e-01 6.746797263622283936e-02 -1.499998569488525391e-02 -1.151738408952951431e-02 -7.070112228393554688e-01 -1.151997130364179611e-02 7.070146799087524414e-01
-2.001706957817077637e-01 6.746798008680343628e-02 -1.499998569488525391e-02 -1.151738408952951431e-02 -7.070112228393554688e-01 -1.151997130364179611e-02 7.070146799087524414e-01
-2.001706957817077637e-01 6.746798008680343628e-02 -1.499998569488525391e-02 -1.151803135871887207e-02 -7.070111632347106934e-01 -1.151997130364179611e-02 7.070146799087524414e-01
-2.001706957817077637e-01 6.746797263622283936e-02 -1.499998569488525391e-02 -1.151738408952951431e-02 -7.070112228393554688e-01 -1.151997130364179611e-02 7.070146799087524414e-01
-2.001706957817077637e-01 6.746798753738403320e-02 -1.499998569488525391e-02 -1.151932496577501297e-02 -7.070112824440002441e-01 -1.151997130364179611e-02 7.070146203041076660e-01
-2.001706957817077637e-01 6.746797263622283936e-02 -1.499998569488525391e-02 -1.151738408952951431e-02 -7.070112824440002441e-01 -1.151997130364179611e-02 7.070146203041076660e-01
-2.001706957817077637e-01 6.746798008680343628e-02 -1.499998569488525391e-02 -1.151738408952951431e-02 -7.070112228393554688e-01 -1.151997130364179611e-02 7.070146799087524414e-01
-2.001706957817077637e-01 6.746798008680343628e-02 -1.499998569488525391e-02 -1.152061857283115387e-02 -7.070114016532897949e-01 -1.151997130364179611e-02 7.070144414901733398e-01
-2.001706957817077637e-01 6.746797263622283936e-02 -1.499998569488525391e-02 -1.151997130364179611e-02 -7.070112824440002441e-01 -1.151932496577501297e-02 7.070145606994628906e-01
-2.001707106828689575e-01 6.746797263622283936e-02 -1.499998569488525391e-02 -1.151803135871887207e-02 -7.070111632347106934e-01 -1.151997130364179611e-02 7.070146799087524414e-01
-2.001706957817077637e-01 6.746798753738403320e-02 -1.499998569488525391e-02 -1.151803135871887207e-02 -7.070112824440002441e-01 -1.151997130364179611e-02 7.070146203041076660e-01
-2.001706957817077637e-01 6.746798753738403320e-02 -1.499998569488525391e-02 -1.151997130364179611e-02 -7.070112824440002441e-01 -1.152061857283115387e-02 7.070145606994628906e-01
-2.001706957817077637e-01 6.746798008680343628e-02 -1.499998569488525391e-02 -1.151803135871887207e-02 -7.070111632347106934e-01 -1.151997130364179611e-02 7.070146799087524414e-01
-2.001706957817077637e-01 6.746798008680343628e-02 -1.499998569488525391e-02 -1.151932496577501297e-02 -7.070113420486450195e-01 -1.151932496577501297e-02 7.070145606994628906e-01
-2.001706957817077637e-01 6.746797263622283936e-02 -1.499998569488525391e-02 -1.151932496577501297e-02 -7.070111632347106934e-01 -1.151997130364179611e-02 7.070147395133972168e-01
-2.001706957817077637e-01 6.746797263622283936e-02 -1.499998569488525391e-02 -1.151738408952951431e-02 -7.070112228393554688e-01 -1.151997130364179611e-02 7.070146799087524414e-01
-2.001706957817077637e-01 6.746797263622283936e-02 -1.499998569488525391e-02 -1.151738408952951431e-02 -7.070112228393554688e-01 -1.151997130364179611e-02 7.070146799087524414e-01
-2.001706957817077637e-01 6.746797263622283936e-02 -1.499998569488525391e-02 -1.151997130364179611e-02 -7.070114016532897949e-01 -1.151932496577501297e-02 7.070144414901733398e-01
-2.001706957817077637e-01 6.746798008680343628e-02 -1.499998569488525391e-02 -1.151932496577501297e-02 -7.070114016532897949e-01 -1.151932496577501297e-02 7.070145010948181152e-01
-2.001706957817077637e-01 6.746798753738403320e-02 -1.499998569488525391e-02 -1.152061857283115387e-02 -7.070114016532897949e-01 -1.151997130364179611e-02 7.070144414901733398e-01
-2.001706957817077637e-01 6.746798008680343628e-02 -1.499998569488525391e-02 -1.151932496577501297e-02 -7.070112228393554688e-01 -1.151997130364179611e-02 7.070146799087524414e-01
-2.001706957817077637e-01 6.746798008680343628e-02 -1.499998569488525391e-02 -1.151997130364179611e-02 -7.070112228393554688e-01 -1.152061857283115387e-02 7.070146799087524414e-01
-2.001706957817077637e-01 6.746798753738403320e-02 -1.499998569488525391e-02 -1.151738408952951431e-02 -7.070112824440002441e-01 -1.151932496577501297e-02 7.070146203041076660e-01
-2.001706957817077637e-01 6.746798753738403320e-02 -1.499998569488525391e-02 -1.151997130364179611e-02 -7.070112824440002441e-01 -1.151932496577501297e-02 7.070145606994628906e-01
-2.001706957817077637e-01 6.746797263622283936e-02 -1.499998569488525391e-02 -1.151738408952951431e-02 -7.070112228393554688e-01 -1.151997130364179611e-02 7.070146799087524414e-01
-2.001707106828689575e-01 6.746798008680343628e-02 -1.499998569488525391e-02 -1.151932496577501297e-02 -7.070112228393554688e-01 -1.151997130364179611e-02 7.070146799087524414e-01
-2.001706957817077637e-01 6.746797263622283936e-02 -1.499998569488525391e-02 -1.151997130364179611e-02 -7.070112824440002441e-01 -1.151932496577501297e-02 7.070145606994628906e-01
-2.001706957817077637e-01 6.746798008680343628e-02 -1.499998569488525391e-02 -1.151932496577501297e-02 -7.070112228393554688e-01 -1.151932496577501297e-02 7.070146799087524414e-01
-2.001706957817077637e-01 6.746798008680343628e-02 -1.499998569488525391e-02 -1.151738408952951431e-02 -7.070112228393554688e-01 -1.151932496577501297e-02 7.070146799087524414e-01
-2.001706957817077637e-01 6.746798008680343628e-02 -1.499998569488525391e-02 -1.151803135871887207e-02 -7.070112824440002441e-01 -1.151997130364179611e-02 7.070145606994628906e-01
-2.001706957817077637e-01 6.746798008680343628e-02 -1.499998569488525391e-02 -1.151803135871887207e-02 -7.070111632347106934e-01 -1.151997130364179611e-02 7.070146799087524414e-01
-2.001706957817077637e-01 6.746797263622283936e-02 -1.499998569488525391e-02 -1.151997130364179611e-02 -7.070114016532897949e-01 -1.152061857283115387e-02 7.070145010948181152e-01
-2.001707106828689575e-01 6.746798008680343628e-02 -1.499998569488525391e-02 -1.151803135871887207e-02 -7.070112228393554688e-01 -1.151997130364179611e-02 7.070146799087524414e-01
-2.001706957817077637e-01 6.746797263622283936e-02 -1.499998569488525391e-02 -1.152191124856472015e-02 -7.070114016532897949e-01 -1.151997130364179611e-02 7.070145010948181152e-01
-2.001706957817077637e-01 6.746798008680343628e-02 -1.499998569488525391e-02 -1.151738408952951431e-02 -7.070112228393554688e-01 -1.151997130364179611e-02 7.070146799087524414e-01
-2.001706957817077637e-01 6.746798008680343628e-02 -1.499998569488525391e-02 -1.151738408952951431e-02 -7.070112824440002441e-01 -1.151997130364179611e-02 7.070146203041076660e-01
-2.001706957817077637e-01 6.746798008680343628e-02 -1.499998569488525391e-02 -1.152191124856472015e-02 -7.070113420486450195e-01 -1.151932496577501297e-02 7.070145010948181152e-01
-2.001707106828689575e-01 6.746798008680343628e-02 -1.499998569488525391e-02 -1.151932496577501297e-02 -7.070112228393554688e-01 -1.151997130364179611e-02 7.070146799087524414e-01
-2.001706957817077637e-01 6.746798008680343628e-02 -1.499998569488525391e-02 -1.151738408952951431e-02 -7.070114016532897949e-01 -1.151997130364179611e-02 7.070145606994628906e-01
-2.001706957817077637e-01 6.746798008680343628e-02 -1.499998569488525391e-02 -1.151932496577501297e-02 -7.070112824440002441e-01 -1.151932496577501297e-02 7.070145606994628906e-01
-2.001706957817077637e-01 6.746798008680343628e-02 -1.499998569488525391e-02 -1.151738408952951431e-02 -7.070114016532897949e-01 -1.151932496577501297e-02 7.070145010948181152e-01
-2.001706957817077637e-01 6.746798753738403320e-02 -1.499998569488525391e-02 -1.152191124856472015e-02 -7.070112824440002441e-01 -1.151932496577501297e-02 7.070145606994628906e-01
-2.001706957817077637e-01 6.746798008680343628e-02 -1.499998569488525391e-02 -1.151997130364179611e-02 -7.070111632347106934e-01 -1.151932496577501297e-02 7.070146799087524414e-01
-2.001706957817077637e-01 6.746797263622283936e-02 -1.499998569488525391e-02 -1.151997130364179611e-02 -7.070112824440002441e-01 -1.152061857283115387e-02 7.070145606994628906e-01
-2.001706957817077637e-01 6.746798753738403320e-02 -1.499998569488525391e-02 -1.151932496577501297e-02 -7.070112824440002441e-01 -1.151932496577501297e-02 7.070145606994628906e-01
-2.001706957817077637e-01 6.746797263622283936e-02 -1.499998569488525391e-02 -1.151738408952951431e-02 -7.070111632347106934e-01 -1.151997130364179611e-02 7.070147395133972168e-01
-2.001706957817077637e-01 6.746798008680343628e-02 -1.499998569488525391e-02 -1.151932496577501297e-02 -7.070112824440002441e-01 -1.151932496577501297e-02 7.070145606994628906e-01
-2.001706957817077637e-01 6.746797263622283936e-02 -1.499998569488525391e-02 -1.151932496577501297e-02 -7.070112824440002441e-01 -1.151932496577501297e-02 7.070145606994628906e-01
-2.001706957817077637e-01 6.746798008680343628e-02 -1.499998569488525391e-02 -1.151932496577501297e-02 -7.070112824440002441e-01 -1.151997130364179611e-02 7.070145606994628906e-01
-2.001706957817077637e-01 6.746797263622283936e-02 -1.499998569488525391e-02 -1.151738408952951431e-02 -7.070112228393554688e-01 -1.151997130364179611e-02 7.070146799087524414e-01
-2.001706957817077637e-01 6.746798008680343628e-02 -1.499998569488525391e-02 -1.151738408952951431e-02 -7.070112228393554688e-01 -1.151997130364179611e-02 7.070146799087524414e-01
-2.004574239253997803e-01 7.170878350734710693e-02 -1.500311493873596191e-02 -2.224092930555343628e-02 -7.069571614265441895e-01 -2.197943627834320068e-02 7.065647840499877930e-01
-2.004631757736206055e-01 7.171256840229034424e-02 -1.500061154365539551e-02 -2.215500548481941223e-02 -7.068210840225219727e-01 -2.206536941230297089e-02 7.067009210586547852e-01
-2.004636079072952271e-01 7.171294093132019043e-02 -1.500067114830017090e-02 -2.214726805686950684e-02 -7.068105340003967285e-01 -2.207414619624614716e-02 7.067115306854248047e-01
-2.004668414592742920e-01 7.171438634395599365e-02 -1.500001549720764160e-02 -2.211191691458225250e-02 -7.067487239837646484e-01 -2.211057022213935852e-02 7.067732214927673340e-01
-2.004547715187072754e-01 7.170686870813369751e-02 -1.500415802001953125e-02 -2.228376828134059906e-02 -7.070213556289672852e-01 -2.193668298423290253e-02 7.065005302429199219e-01
-2.004591077566146851e-01 7.170949131250381470e-02 -1.500207185745239258e-02 -2.222584933042526245e-02 -7.069200873374938965e-01 -2.199637889862060547e-02 7.066019177436828613e-01
-2.004614174365997314e-01 7.171144336462020874e-02 -1.500132679939270020e-02 -2.218189276754856110e-02 -7.068614959716796875e-01 -2.203935384750366211e-02 7.066605091094970703e-01
-2.004669308662414551e-01 7.171506434679031372e-02 -1.500031352043151855e-02 -2.210551500320434570e-02 -7.067430615425109863e-01 -2.211596071720123291e-02 7.067788839340209961e-01
-2.004662156105041504e-01 7.171471416950225830e-02 -1.500037312507629395e-02 -2.211090736091136932e-02 -7.067552804946899414e-01 -2.211191691458225250e-02 7.067667245864868164e-01
-2.004626691341400146e-01 7.171254605054855347e-02 -1.500114798545837402e-02 -2.215735986828804016e-02 -7.068310379981994629e-01 -2.206401899456977844e-02 7.066909670829772949e-01
-2.004671692848205566e-01 7.171479612588882446e-02 -1.500025391578674316e-02 -2.210854738950729370e-02 -7.067415714263916016e-01 -2.211562357842922211e-02 7.067803740501403809e-01
-2.004574537277221680e-01 7.170879840850830078e-02 -1.500311493873596191e-02 -2.224059402942657471e-02 -7.069568634033203125e-01 -2.198045328259468079e-02 7.065650820732116699e-01
-2.004631757736206055e-01 7.171256095170974731e-02 -1.500064134597778320e-02 -2.215601317584514618e-02 -7.068210244178771973e-01 -2.206469513475894928e-02 7.067009806632995605e-01
-2.004635930061340332e-01 7.171292603015899658e-02 -1.500070095062255859e-02 -2.214659564197063446e-02 -7.068111896514892578e-01 -2.207380905747413635e-02 7.067108750343322754e-01
-2.004668265581130981e-01 7.171438634395599365e-02 -1.500001549720764160e-02 -2.211259119212627411e-02 -7.067484259605407715e-01 -2.211124449968338013e-02 7.067735195159912109e-01
-2.004547566175460815e-01 7.170686870813369751e-02 -1.500415802001953125e-02 -2.228410169482231140e-02 -7.070216536521911621e-01 -2.193668298423290253e-02 7.065002322196960449e-01
-2.004591226577758789e-01 7.170950621366500854e-02 -1.500207185745239258e-02 -2.222551405429840088e-02 -7.069197893142700195e-01 -2.199637889862060547e-02 7.066021561622619629e-01
-2.004614025354385376e-01 7.171143591403961182e-02 -1.500132679939270020e-02 -2.218189276754856110e-02 -7.068613767623901367e-01 -2.204002998769283295e-02 7.066605687141418457e-01
-2.004669308662414551e-01 7.171507179737091064e-02 -1.500031352043151855e-02 -2.210484072566032410e-02 -7.067430019378662109e-01 -2.211663499474525452e-02 7.067790031433105469e-01
-2.004662007093429565e-01 7.171471416950225830e-02 -1.500037312507629395e-02 -2.211057022213935852e-02 -7.067556977272033691e-01 -2.211191691458225250e-02 7.067663073539733887e-01
-2.004626840353012085e-01 7.171253859996795654e-02 -1.500114798545837402e-02 -2.215668559074401855e-02 -7.068309783935546875e-01 -2.206435613334178925e-02 7.066910266876220703e-01
-2.004574686288833618e-01 7.170881330966949463e-02 -1.500311493873596191e-02 -2.224025875329971313e-02 -7.069561481475830078e-01 -2.198079228401184082e-02 7.065658569335937500e-01
-2.004664391279220581e-01 7.171477377414703369e-02 -1.500037312507629395e-02 -2.211023308336734772e-02 -7.067520618438720703e-01 -2.211292833089828491e-02 7.067699432373046875e-01
-2.004628032445907593e-01 7.171262800693511963e-02 -1.500108838081359863e-02 -2.215500548481941223e-02 -7.068282365798950195e-01 -2.206638269126415253e-02 7.066937685012817383e-01
-2.004671692848205566e-01 7.171481102705001831e-02 -1.500022411346435547e-02 -2.210955880582332611e-02 -7.067417502403259277e-01 -2.211494930088520050e-02 7.067801952362060547e-01
-2.004665732383728027e-01 7.171429693698883057e-02 -1.499986648559570312e-02 -2.211259119212627411e-02 -7.067526578903198242e-01 -2.210989594459533691e-02 7.067692875862121582e-01
-2.004551142454147339e-01 7.170712202787399292e-02 -1.500403881072998047e-02 -2.227774821221828461e-02 -7.070128917694091797e-01 -2.194279618561267853e-02 7.065089941024780273e-01
-2.004662156105041504e-01 7.171470671892166138e-02 -1.500037312507629395e-02 -2.211023308336734772e-02 -7.067558765411376953e-01 -2.211124449968338013e-02 7.067661285400390625e-01
-2.004626542329788208e-01 7.171252369880676270e-02 -1.500114798545837402e-02 -2.215635031461715698e-02 -7.068315744400024414e-01 -2.206401899456977844e-02 7.066904306411743164e-01
-2.004574835300445557e-01 7.170882821083068848e-02 -1.500311493873596191e-02 -2.223925478756427765e-02 -7.069557309150695801e-01 -2.198113128542900085e-02 7.065662145614624023e-01
-2.004631608724594116e-01 7.171255350112915039e-02 -1.500061154365539551e-02 -2.215702272951602936e-02 -7.068213224411010742e-01 -2.206435613334178925e-02 7.067006826400756836e-01
-2.004636377096176147e-01 7.171296328306198120e-02 -1.500067114830017090e-02 -2.214726805686950684e-02 -7.068098783493041992e-01 -2.207482233643531799e-02 7.067120671272277832e-01
-2.004668265581130981e-01 7.171438634395599365e-02 -1.500001549720764160e-02 -2.211157977581024170e-02 -7.067487835884094238e-01 -2.211057022213935852e-02 7.067732214927673340e-01
-2.004547715187072754e-01 7.170687615871429443e-02 -1.500415802001953125e-02 -2.228376828134059906e-02 -7.070211172103881836e-01 -2.193668298423290253e-02 7.065007686614990234e-01
-2.004590928554534912e-01 7.170947641134262085e-02 -1.500207185745239258e-02 -2.222484350204467773e-02 -7.069202661514282227e-01 -2.199603989720344543e-02 7.066017389297485352e-01
-2.004614025354385376e-01 7.171144336462020874e-02 -1.500129699707031250e-02 -2.218088507652282715e-02 -7.068613767623901367e-01 -2.203969284892082214e-02 7.066606283187866211e-01
-2.004669308662414551e-01 7.171507179737091064e-02 -1.500031352043151855e-02 -2.210551500320434570e-02 -7.067430615425109863e-01 -2.211629785597324371e-02 7.067788839340209961e-01
-2.004662156105041504e-01 7.171471416950225830e-02 -1.500037312507629395e-02 -2.211057022213935852e-02 -7.067552208900451660e-01 -2.211191691458225250e-02 7.067667245864868164e-01
-2.004626840353012085e-01 7.171255350112915039e-02 -1.500114798545837402e-02 -2.215668559074401855e-02 -7.068308591842651367e-01 -2.206435613334178925e-02 7.066911458969116211e-01
-2.004671692848205566e-01 7.171480357646942139e-02 -1.500025391578674316e-02 -2.210955880582332611e-02 -7.067419290542602539e-01 -2.211494930088520050e-02 7.067799568176269531e-01
-2.004574686288833618e-01 7.170882076025009155e-02 -1.500311493873596191e-02 -2.224059402942657471e-02 -7.069559097290039062e-01 -2.198045328259468079e-02 7.065659761428833008e-01
-2.004631012678146362e-01 7.171250879764556885e-02 -1.500067114830017090e-02 -2.215635031461715698e-02 -7.068229317665100098e-01 -2.206334285438060760e-02 7.066991329193115234e-01
-2.004636228084564209e-01 7.171296328306198120e-02 -1.500067114830017090e-02 -2.214726805686950684e-02 -7.068098187446594238e-01 -2.207482233643531799e-02 7.067122459411621094e-01
-2.004668414592742920e-01 7.171438634395599365e-02 -1.500001549720764160e-02 -2.211259119212627411e-02 -7.067484259605407715e-01 -2.211124449968338013e-02 7.067735195159912109e-01
-2.004547715187072754e-01 7.170687615871429443e-02 -1.500415802001953125e-02 -2.228410169482231140e-02 -7.070214152336120605e-01 -2.193634398281574249e-02 7.065004706382751465e-01
-2.004663795232772827e-01 7.171475887298583984e-02 -1.500037312507629395e-02 -2.211023308336734772e-02 -7.067527770996093750e-01 -2.211326546967029572e-02 7.067691683769226074e-01
-2.004637122154235840e-01 7.171327620744705200e-02 -1.500073075294494629e-02 -2.214020304381847382e-02 -7.068059444427490234e-01 -2.208089642226696014e-02 7.067160606384277344e-01
-2.004591226577758789e-01 7.170950621366500854e-02 -1.500207185745239258e-02 -2.222450822591781616e-02 -7.069196105003356934e-01 -2.199603989720344543e-02 7.066023349761962891e-01
-2.004614025354385376e-01 7.171143591403961182e-02 -1.500132679939270020e-02 -2.218222804367542267e-02 -7.068615555763244629e-01 -2.203867770731449127e-02 7.066604495048522949e-01
-2.004669308662414551e-01 7.171507179737091064e-02 -1.500028371810913086e-02 -2.210618928074836731e-02 -7.067430615425109863e-01 -2.211697213351726532e-02 7.067788243293762207e-01
-2.004662156105041504e-01 7.171471416950225830e-02 -1.500037312507629395e-02 -2.210989594459533691e-02 -7.067555189132690430e-01 -2.211124449968338013e-02 7.067664861679077148e-01
-2.004543691873550415e-01 7.170656323432922363e-02 -1.500430703163146973e-02 -2.229145541787147522e-02 -7.070313096046447754e-01 -2.192955091595649719e-02 7.064905166625976562e-01
-2.004587650299072266e-01 7.170922309160232544e-02 -1.500222086906433105e-02 -2.223154716193675995e-02 -7.069287896156311035e-01 -2.198994345963001251e-02 7.065931558609008789e-01
-2.004616111516952515e-01 7.171178609132766724e-02 -1.500153541564941406e-02 -2.217315696179866791e-02 -7.068568468093872070e-01 -2.204712852835655212e-02 7.066651582717895508e-01
-2.004670798778533936e-01 7.171488553285598755e-02 -1.500025391578674316e-02 -2.210854738950729370e-02 -7.067413926124572754e-01 -2.211528643965721130e-02 7.067805528640747070e-01
-2.004667371511459351e-01 7.171434164047241211e-02 -1.499995589256286621e-02 -2.211259119212627411e-02 -7.067506909370422363e-01 -2.210989594459533691e-02 7.067712545394897461e-01
-2.004547268152236938e-01 7.170684635639190674e-02 -1.500415802001953125e-02 -2.228443697094917297e-02 -7.070217132568359375e-01 -2.193634398281574249e-02 7.065001726150512695e-01
-2.004591822624206543e-01 7.170955091714859009e-02 -1.500207185745239258e-02 -2.222383767366409302e-02 -7.069180607795715332e-01 -2.199739590287208557e-02 7.066038846969604492e-01
-2.004613727331161499e-01 7.171141356229782104e-02 -1.500132679939270020e-02 -2.218189276754856110e-02 -7.068623900413513184e-01 -2.203834056854248047e-02 7.066596150398254395e-01
-2.004669457674026489e-01 7.171507179737091064e-02 -1.500031352043151855e-02 -2.210686355829238892e-02 -7.067428231239318848e-01 -2.211629785597324371e-02 7.067791223526000977e-01
-2.004662603139877319e-01 7.171472162008285522e-02 -1.500040292739868164e-02 -2.210989594459533691e-02 -7.067550420761108398e-01 -2.211259119212627411e-02 7.067669034004211426e-01
-2.004628479480743408e-01 7.171266525983810425e-02 -1.500105857849121094e-02 -2.215366065502166748e-02 -7.068266868591308594e-01 -2.206705883145332336e-02 7.066953182220458984e-01
-2.004671692848205566e-01 7.171481847763061523e-02 -1.500025391578674316e-02 -2.210922166705131531e-02 -7.067416310310363770e-01 -2.211494930088520050e-02 7.067803144454956055e-01
-2.004665732383728027e-01 7.171429693698883057e-02 -1.499989628791809082e-02 -2.211360260844230652e-02 -7.067526578903198242e-01 -2.210922166705131531e-02 7.067692875862121582e-01
-2.004665285348892212e-01 7.171424478292465210e-02 -1.499968767166137695e-02 -2.211629785597324371e-02 -7.067526578903198242e-01 -2.210686355829238892e-02 7.067692279815673828e-01
-2.004668116569519043e-01 7.171501219272613525e-02 -1.500025391578674316e-02 -2.210652641952037811e-02 -7.067447900772094727e-01 -2.211596071720123291e-02 7.067771553993225098e-01
-2.004584223031997681e-01 7.170896977186203003e-02 -1.500234007835388184e-02 -2.223690971732139587e-02 -7.069370150566101074e-01 -2.198418229818344116e-02 7.065849900245666504e-01
-2.004592865705490112e-01 7.170961797237396240e-02 -1.500201225280761719e-02 -2.222249656915664673e-02 -7.069157958030700684e-01 -2.199875004589557648e-02 7.066061496734619141e-01
-2.004621922969818115e-01 7.171220332384109497e-02 -1.500129699707031250e-02 -2.216509170830249786e-02 -7.068425416946411133e-01 -2.205658890306949615e-02 7.066794633865356445e-01
-2.004620432853698730e-01 7.171181589365005493e-02 -1.500141620635986328e-02 -2.217147685587406158e-02 -7.068490982055664062e-01 -2.204949408769607544e-02 7.066729068756103516e-01
-2.004665881395339966e-01 7.171428203582763672e-02 -1.499977707862854004e-02 -2.211494930088520050e-02 -7.067521810531616211e-01 -2.210854738950729370e-02 7.067698240280151367e-01
-2.004667371511459351e-01 7.171498239040374756e-02 -1.500019431114196777e-02 -2.210720069706439972e-02 -7.067457437515258789e-01 -2.211528643965721130e-02 7.067762017250061035e-01
-2.004595547914505005e-01 7.171030342578887939e-02 -1.500234007835388184e-02 -2.220774069428443909e-02 -7.069060206413269043e-01 -2.201432362198829651e-02 7.066159248352050781e-01
-2.004544436931610107e-01 7.170663028955459595e-02 -1.500427722930908203e-02 -2.228945121169090271e-02 -7.070293426513671875e-01 -2.193158864974975586e-02 7.064925432205200195e-01
-2.004593461751937866e-01 7.170966267585754395e-02 -1.500201225280761719e-02 -2.222115546464920044e-02 -7.069142460823059082e-01 -2.200044319033622742e-02 7.066076993942260742e-01
-2.004666924476623535e-01 7.171432673931121826e-02 -1.499992609024047852e-02 -2.211225405335426331e-02 -7.067512273788452148e-01 -2.210989594459533691e-02 7.067707777023315430e-01
-2.004548162221908569e-01 7.170690596103668213e-02 -1.500412821769714355e-02 -2.228276431560516357e-02 -7.070198655128479004e-01 -2.193770185112953186e-02 7.065019607543945312e-01
-2.004590481519699097e-01 7.170943915843963623e-02 -1.500213146209716797e-02 -2.222786098718643188e-02 -7.069217562675476074e-01 -2.199502475559711456e-02 7.066001296043395996e-01
-2.004614621400833130e-01 7.171148061752319336e-02 -1.500126719474792480e-02 -2.217954024672508240e-02 -7.068598270416259766e-01 -2.204036898910999298e-02 7.066621780395507812e-01
-2.004669010639190674e-01 7.171505689620971680e-02 -1.500031352043151855e-02 -2.210585214197635651e-02 -7.067431211471557617e-01 -2.211697213351726532e-02 7.067788243293762207e-01
-2.004662007093429565e-01 7.171469926834106445e-02 -1.500040292739868164e-02 -2.211023308336734772e-02 -7.067559957504272461e-01 -2.211157977581024170e-02 7.067660093307495117e-01
-2.004644274711608887e-01 7.171350717544555664e-02 -1.500016450881958008e-02 -2.213549055159091949e-02 -7.067903876304626465e-01 -2.208595722913742065e-02 7.067316174507141113e-01
-2.004591077566146851e-01 7.170947641134262085e-02 -1.500210165977478027e-02 -2.222584933042526245e-02 -7.069202661514282227e-01 -2.199570275843143463e-02 7.066016793251037598e-01
-2.004662156105041504e-01 7.171471416950225830e-02 -1.500037312507629395e-02 -2.211057022213935852e-02 -7.067557573318481445e-01 -2.211157977581024170e-02 7.067661881446838379e-01
-2.004626691341400146e-01 7.171253114938735962e-02 -1.500114798545837402e-02 -2.215702272951602936e-02 -7.068314552307128906e-01 -2.206435613334178925e-02 7.066905498504638672e-01
-2.004671692848205566e-01 7.171480357646942139e-02 -1.500022411346435547e-02 -2.210955880582332611e-02 -7.067418098449707031e-01 -2.211494930088520050e-02 7.067801356315612793e-01
-2.004574537277221680e-01 7.170881330966949463e-02 -1.500311493873596191e-02 -2.224159985780715942e-02 -7.069563269615173340e-01 -2.198079228401184082e-02 7.065655589103698730e-01
-2.004631459712982178e-01 7.171254605054855347e-02 -1.500061154365539551e-02 -2.215601317584514618e-02 -7.068215012550354004e-01 -2.206503227353096008e-02 7.067005038261413574e-01
-2.004636377096176147e-01 7.171296328306198120e-02 -1.500067114830017090e-02 -2.214794233441352844e-02 -7.068099379539489746e-01 -2.207448519766330719e-02 7.067120075225830078e-01
-2.004668414592742920e-01 7.171438634395599365e-02 -1.500001549720764160e-02 -2.211326546967029572e-02 -7.067481279373168945e-01 -2.211057022213935852e-02 7.067737579345703125e-01
-2.004547715187072754e-01 7.170686870813369751e-02 -1.500415802001953125e-02 -2.228376828134059906e-02 -7.070214152336120605e-01 -2.193668298423290253e-02 7.065004706382751465e-01
-2.004591077566146851e-01 7.170949131250381470e-02 -1.500207185745239258e-02 -2.222551405429840088e-02 -7.069201469421386719e-01 -2.199570275843143463e-02 7.066017985343933105e-01
-2.004614174365997314e-01 7.171144336462020874e-02 -1.500129699707031250e-02 -2.218222804367542267e-02 -7.068615555763244629e-01 -2.203969284892082214e-02 7.066604495048522949e-01
-2.004669308662414551e-01 7.171505689620971680e-02 -1.500031352043151855e-02 -2.210585214197635651e-02 -7.067432403564453125e-01 -2.211697213351726532e-02 7.067787647247314453e-01
-2.004662305116653442e-01 7.171471416950225830e-02 -1.500037312507629395e-02 -2.211090736091136932e-02 -7.067553400993347168e-01 -2.211259119212627411e-02 7.067666649818420410e-01
-2.004626542329788208e-01 7.171252369880676270e-02 -1.500114798545837402e-02 -2.215668559074401855e-02 -7.068315148353576660e-01 -2.206401899456977844e-02 7.066904902458190918e-01
-2.004671692848205566e-01 7.171479612588882446e-02 -1.500022411346435547e-02 -2.210922166705131531e-02 -7.067416310310363770e-01 -2.211494930088520050e-02 7.067802548408508301e-01
-2.004575431346893311e-01 7.170885801315307617e-02 -1.500308513641357422e-02 -2.223959006369113922e-02 -7.069547772407531738e-01 -2.198147028684616089e-02 7.065671086311340332e-01
-2.004630714654922485e-01 7.171247899532318115e-02 -1.500067114830017090e-02 -2.215836755931377411e-02 -7.068239450454711914e-01 -2.206334285438060760e-02 7.066980600357055664e-01
-2.004636526107788086e-01 7.171297073364257812e-02 -1.500067114830017090e-02 -2.214760519564151764e-02 -7.068098783493041992e-01 -2.207482233643531799e-02 7.067120671272277832e-01
-2.004668265581130981e-01 7.171438634395599365e-02 -1.499998569488525391e-02 -2.211292833089828491e-02 -7.067486047744750977e-01 -2.211057022213935852e-02 7.067734003067016602e-01
-2.004547715187072754e-01 7.170688360929489136e-02 -1.500415802001953125e-02 -2.228410169482231140e-02 -7.070211172103881836e-01 -2.193702384829521179e-02 7.065007686614990234e-01
-2.004590928554534912e-01 7.170947641134262085e-02 -1.500210165977478027e-02 -2.222685515880584717e-02 -7.069203257560729980e-01 -2.199570275843143463e-02 7.066015601158142090e-01
-2.004614025354385376e-01 7.171143591403961182e-02 -1.500132679939270020e-02 -2.218088507652282715e-02 -7.068615555763244629e-01 -2.203901670873165131e-02 7.066604495048522949e-01
-2.004669159650802612e-01 7.171506434679031372e-02 -1.500031352043151855e-02 -2.210652641952037811e-02 -7.067432403564453125e-01 -2.211629785597324371e-02 7.067787647247314453e-01
-2.004662156105041504e-01 7.171470671892166138e-02 -1.500037312507629395e-02 -2.211057022213935852e-02 -7.067555189132690430e-01 -2.211191691458225250e-02 7.067664265632629395e-01
-2.004631012678146362e-01 7.171250879764556885e-02 -1.500067114830017090e-02 -2.215635031461715698e-02 -7.068226337432861328e-01 -2.206334285438060760e-02 7.066993713378906250e-01
-2.004636228084564209e-01 7.171294838190078735e-02 -1.500067114830017090e-02 -2.214659564197063446e-02 -7.068104147911071777e-01 -2.207448519766330719e-02 7.067115902900695801e-01
-2.004668414592742920e-01 7.171438634395599365e-02 -1.500001549720764160e-02 -2.211225405335426331e-02 -7.067484259605407715e-01 -2.211057022213935852e-02 7.067735195159912109e-01
-2.004547715187072754e-01 7.170687615871429443e-02 -1.500415802001953125e-02 -2.228410169482231140e-02 -7.070213556289672852e-01 -2.193634398281574249e-02 7.065005302429199219e-01
-2.004591077566146851e-01 7.170949131250381470e-02 -1.500207185745239258e-02 -2.222651988267898560e-02 -7.069199681282043457e-01 -2.199603989720344543e-02 7.066019773483276367e-01
-2.004614025354385376e-01 7.171143591403961182e-02 -1.500132679939270020e-02 -2.218122035264968872e-02 -7.068613767623901367e-01 -2.203969284892082214e-02 7.066606283187866211e-01
-2.004669308662414551e-01 7.171506434679031372e-02 -1.500031352043151855e-02 -2.210551500320434570e-02 -7.067430615425109863e-01 -2.211663499474525452e-02 7.067789435386657715e-01
-2.004662156105041504e-01 7.171471416950225830e-02 -1.500037312507629395e-02 -2.211124449968338013e-02 -7.067554593086242676e-01 -2.211157977581024170e-02 7.067664861679077148e-01
-2.004626393318176270e-01 7.171253114938735962e-02 -1.500114798545837402e-02 -2.215702272951602936e-02 -7.068315148353576660e-01 -2.206435613334178925e-02 7.066904902458190918e-01
-2.004671692848205566e-01 7.171480357646942139e-02 -1.500025391578674316e-02 -2.210922166705131531e-02 -7.067418098449707031e-01 -2.211494930088520050e-02 7.067801356315612793e-01
-2.004574239253997803e-01 7.170878350734710693e-02 -1.500314474105834961e-02 -2.224059402942657471e-02 -7.069572806358337402e-01 -2.197977527976036072e-02 7.065646648406982422e-01
-2.004631161689758301e-01 7.171251624822616577e-02 -1.500064134597778320e-02 -2.215735986828804016e-02 -7.068226337432861328e-01 -2.206401899456977844e-02 7.066993713378906250e-01
-2.004636675119400024e-01 7.171298563480377197e-02 -1.500067114830017090e-02 -2.214659564197063446e-02 -7.068094611167907715e-01 -2.207515947520732880e-02 7.067124843597412109e-01
-2.004668116569519043e-01 7.171439379453659058e-02 -1.500001549720764160e-02 -2.211090736091136932e-02 -7.067487239837646484e-01 -2.211057022213935852e-02 7.067732810974121094e-01
-2.004547864198684692e-01 7.170687615871429443e-02 -1.500415802001953125e-02 -2.228343300521373749e-02 -7.070212960243225098e-01 -2.193668298423290253e-02 7.065006494522094727e-01
-2.004591226577758789e-01 7.170949876308441162e-02 -1.500207185745239258e-02 -2.222551405429840088e-02 -7.069199085235595703e-01 -2.199570275843143463e-02 7.066020369529724121e-01
-2.004614025354385376e-01 7.171144336462020874e-02 -1.500132679939270020e-02 -2.218189276754856110e-02 -7.068612575531005859e-01 -2.203935384750366211e-02 7.066606879234313965e-01
